0:[26,]
1:[5,28,7,21,24,19,1,2,]
2:[23,27,20,21,11,]
3:[27,23,20,21,24,19,2,1,]
4:[20,19,21,7,28,5,25,]
5:[25,5,28,8,17,23,27,22,29,]
6:[25,5,28,7,11,24,20,23,27,22,29,9,16,]
7:[15,23,27,22,3,]
8:[19,24,20,21,17,8,18,7,28,5,25,]
9:[6,5,28,18,7,21,24,]
10:[24,21,20,23,27,22,29,]
11:[24,21,20,19,1,2,]
12:[10,22,27,23,20,21,24,19,11,]
13:[3,22,27,23,20,21,24,19,2,1,4,]
14:[8,17,]
15:[3,10,29,22,27,23,20,19,24,21,7,18,28,5,]
16:[10,29,22,27,23,20,24,19,2,1,]
17:[11,]
18:[16,]
19:[20,21,24,19,2,]
20:[18,7,28,5,6,]
21:[26,]
22:[5,28,7,11,19,2,]
23:[29,10,]
24:[2,4,]
25:[16,9,29,22,27,23,20,24,28,5,6,]
26:[21,24,20,23,27,22,29,9,16,12,]
27:[12,16,9,29,22,27,23,17,8,28,]
28:[26,]
29:[3,15,10,29,22,27,23,]
30:[21,24,19,11,]
31:[8,17,23,27,22,3,15,10,29,9,16,12,]
32:[29,]
33:[11,19,21,20,23,27,22,3,15,29,9,16,]
34:[24,20,21,]
35:[12,16,9,29,22,27,23,]
36:[3,]
37:[11,24,21,20,23,27,22,10,29,9,16,12,]
38:[20,21,24,19,2,1,]
39:[7,18,28,5,11,]
40:[28,5,7,18,]
41:[6,5,28,7,18,8,17,23,27,22,3,29,10,]
42:[29,22,10,15,23,27,]
43:[12,29,22,27,23,20,24,19,11,]
44:[22,3,23,15,10,29,9,16,12,]
45:[23,27,19,11,5,28,7,8,17,20,24,21,]
46:[27,23,22,3,10,15,17,8,18,]
47:[1,2,19,24,21,20,27,23,17,8,]
48:[11,19,2,4,]
49:[9,16,12,15,3,22,27,23,20,21,11,7,18,28,5,]
50:[9,16,29,22,27,23,3,]
51:[17,8,18,7,]
52:[12,16,9,29,10,22,27,23,17,8,18,]
53:[8,17,7,28,]
54:[9,16,29,10,22,27,23,20,21,24,19,2,]
55:[5,28,7,11,21,20,24,]
56:[27,23,17,8,18,]
57:[3,23,27,22,29,10,]
58:[25,6,5,28,]
59:[6,5,28,7,21,24,20,23,27,22,29,15,]
60:[6,5,28,7,18,8,17,23,27,22,10,3,]
61:[22,27,19,2,1,]
62:[27,23,15,10,22,3,]
63:[21,24,19,20,27,23,17,18,]
64:[19,20,24,21,17,8,]
65:[1,2,19,24,21,20,23,27,22,29,16,9,]
66:[21,24,19,20,23,27,22,10,29,]
67:[10,22,27,23,20,19,4,]
68:[8,17,23,3,22,27,]
69:[8,17,18,7,28,5,]
70:[29,10,22,23,27,]
71:[7,28,5,18,8,17,23,27,22,10,29,]
72:[12,29,10,22,27,23,20,21,24,19,7,28,5,]
73:[28,5,7,11,19,24,21,]
74:[29,10,15,23,27,22,]
75:[9,16,29,10,3,22,27,23,20,19,24,21,]
76:[18,7,11,]
77:[3,29,22,27,23,15,]
78:[28,5,]
79:[11,19,2,]
80:[21,24,19,2,1,]
81:[18,8,17,7,11,24,21,20,23,27,22,10,]
82:[12,16,9,29,22,27,23,20,24,19,]
83:[22,27,23,20,24,21,]
84:[25,5,28,19,24,21,20,23,27,]
85:[29,27,23,22,]
86:[25,5,28,]
87:[15,22,27,23,17,8,18,]
88:[20,24,21,17,8,7,28,5,6,]
89:[8,21,24,]
90:[5,28,7,8,17,20,24,21,]
91:[20,21,24,23,27,22,3,]
92:[20,21,24,19,]
93:[16,9,29,22,27,23,20,21,19,4,]
94:[4,2,19,24,21,20,23,27,22,29,]
95:[5,]
96:[9,16,29,22,27,23,20,]
97:[18,7,28,5,6,]
98:[27,23,20,21,]
99:[7,18,21,24,20,27,23,15,3,22,29,9,16,12,]
100:[21,24,20,23,27,22,29,10,15,]
101:[27,23,]
102:[29,10,22,27,23,17,8,18,7,28,5,]
103:[2,19,20,24,21,]
104:[2,19,24,21,20,23,27,]
105:[20,19,21,24,]
106:[1,2,]
107:[10,29,3,22,27,23,20,21,24,19,4,1,2,]
108:[18,8,17,]
109:[16,9,29,10,22,27,23,17,]
110:[25,6,5,28,]
111:[19,]
112:[24,21,20,19,11,6,5,28,]
113:[11,7,18,]
114:[12,16,9,29,15,3,22,27,23,20,]
115:[9,16,29,22,27,23,15,10,]
116:[22,3,23,17,8,7,28,5,6,25,]
117:[21,24,19,20,]
118:[2,1,4,]
119:[20,21,24,19,1,2,4,]
120:[18,7,11,19,1,2,4,]
121:[28,5,7,18,8,17,15,10,29,]
122:[12,29,27,24,19,4,]
123:[18,5,28,7,]
124:[5,28,7,8,17,11,19,20,21,24,]
125:[19,11,7,18,8,]
126:[6,5,28,18,7,]
127:[1,2,19,24,20,]
128:[20,21,24,19,27,23,22,29,]
129:[24,20,19,2,4,]
130:[12,29,10,3,22,27,23,]
131:[18,28,5,7,19,24,21,20,23,27,22,10,]
132:[10,3,]
133:[24,]
134:[15,]
135:[16,9,29,3,22,27,23,20,21,11,7,18,28,5,6,]
136:[28,5,7,11,19,24,21,20,23,27,22,3,]
137:[11,]
138:[6,5,28,18,7,11,]
139:[1,2,19,24,20,23,27,22,29,16,9,]
140:[3,22,27,23,20,24,21,7,18,5,28,]
141:[18,28,5,6,]
142:[3,29,22,27,23,]
143:[8,17,18,7,5,28,]
144:[25,6,5,28,7,11,19,24,21,20,]
145:[16,9,29,10,22,27,23,17,8,18,7,28,5,25,]
146:[22,23,27,]
147:[7,18,8,17,21,24,20,27,23,]
148:[16,9,29,22,27,23,20,21,24,]
149:[25,6,5,28,]
150:[11,24,20,21,]
151:[12,16,9,29,22,27,23,17,7,]
152:[6,28,5,]
153:[23,27,]
154:[21,24,20,23,27,22,29,10,]
155:[10,29,22,27,23,20,19,21,24,7,28,5,6,25,]
156:[2,19,24,21,20,17,8,18,7,5,28,]
157:[1,2,4,19,24,21,20,]
158:[20,23,27,22,29,]
159:[3,22,27,23,20,21,24,19,2,]
160:[27,23,17,8,7,11,]
161:[17,23,27,22,29,9,16,]
162:[20,21,24,23,27,22,3,29,9,16,]
163:[17,8,7,28,5,]
164:[18,7,24,20,19,2,1,]
165:[2,9,16,]
166:[11,21,24,19,2,4,]
167:[9,16,]
168:[1,2,19,]
169:[20,21,7,28,5,6,]
170:[3,15,22,27,23,]
171:[29,3,22,27,23,20,21,24,19,2,4,]
172:[11,7,5,28,]
173:[3,29,22,27,23,20,19,24,21,7,]
174:[27,29,22,23,20,21,24,]
175:[1,2,19,24,20,23,]
176:[7,18,28,5,11,]
177:[28,5,]
178:[9,16,29,10,15,3,22,27,23,20,21,24,19,11,]
179:[26,]
180:[9,16,29,]
181:[8,17,21,24,11,]
182:[3,15,23,27,22,29,9,16,12,]
183:[26,]
184:[15,22,27,23,20,21,19,2,]
185:[10,29,]
186:[22,3,15,10,29,]
187:[28,5,18,17,8,]
188:[17,20,21,24,19,2,1,]
189:[6,5,28,7,19,24,21,20,23,27,22,29,9,]
190:[25,6,5,28,7,18,8,17,15,3,22,27,23,20,24,21,]
191:[24,21,19,20,]
192:[4,]
193:[28,5,7,8,17,20,23,27,22,3,]
194:[12,29,22,27,23,15,]
195:[7,28,5,11,19,24,21,20,23,27,22,29,10,3,]
196:[6,5,28,7,19,24,21,]
197:[8,18,7,28,5,11,19,24,21,20,]
198:[2,19,11,]
199:[21,24,20,17,8,18,]
200:[27,23,22,29,15,]
201:[16,9,29,10,]
202:[24,21,20,23,22,3,27,]
203:[5,28,]
204:[12,29,22,27,23,20,21,24,19,11,7,28,5,]
205:[21,24,19,20,23,27,22,3,10,29,9,16,]
206:[3,10,29,]
207:[27,23,15,3,22,29,10,]
208:[20,21,24,19,7,28,5,6,]
209:[5,28,7,17,8,]
210:[16,9,29,10,15,3,22,27,23,20,21,24,19,11,7,18,28,5,6,]
211:[7,28,5,11,19,24,21,20,23,22,27,]
212:[18,7,8,17,23,27,22,9,16,]
213:[25,6,5,28,7,21,24,20,23,27,22,3,10,29,9,16,]
214:[9,16,29,10,15,]
215:[9,16,29,22,27,23,20,24,21,17,]
216:[5,28,7,11,19,20,24,21,]
217:[20,]
218:[3,]
219:[28,6,5,18,7,11,19,2,1,4,]
220:[4,2,19,24,20,23,27,]
221:[20,21,24,19,]
222:[29,22,15,23,27,]
223:[3,15,10,22,27,23,20,21,24,11,7,18,8,17,]
224:[4,2,19,24,21,20,27,23,]
225:[9,16,29,]
226:[22,3,27,23,20,]
227:[12,16,9,29,22,27,23,20,21,24,19,]
228:[18,28,5,21,24,20,23,27,22,29,9,16,12,]
229:[27,22,23,20,21,19,2,4,]
230:[23,27,20,19,24,21,]
231:[25,5,28,18,7,19,21,24,20,23,27,]
232:[6,5,28,18,7,11,]
233:[2,19,24,21,20,23,27,22,29,9,16,12,]
234:[21,24,20,23,27,22,3,10,29,]
235:[4,]
236:[17,8,21,24,20,23,27,22,10,29,12,]
237:[18,7,]
238:[12,16,9,29,10,22,27,23,20,24,21,11,]
239:[2,19,24,21,20,23,27,22,3,10,29,]
240:[24,]
241:[8,17,23,27,20,24,19,2,1,]
242:[27,23,22,10,29,9,16,]
243:[15,10,29,3,22,27,23,20,21,24,19,4,]
244:[9,16,29,]
245:[21,24,]
246:[25,]
247:[24,21,20,23,27,22,3,10,29,16,9,]
248:[20,]
249:[4,1,2,9,16,12,]
250:[20,23,27,22,3,15,10,29,]
251:[22,29,27,23,20,19,24,21,7,28,5,25,]
252:[27,]
253:[3,22,]
254:[5,28,18,7,11,21,24,]
255:[3,29,22,27,23,20,24,21,]
256:[3,15,23,27,22,29,16,9,]
257:[16,9,29,10,3,22,23,27,]
258:[7,18,8,17,23,27,22,29,12,]
259:[6,7,11,19,2,4,]
260:[26,]
261:[22,27,23,29,9,16,]
262:[6,5,28,]
263:[16,9,12,]
264:[2,19,20,24,21,]
265:[29,10,15,]
266:[29,12,]
267:[2,1,]
268:[22,27,23,20,21,24,19,7,18,]
269:[28,19,2,4,]
270:[12,16,9,29,22,15,23,27,]
271:[7,18,6,5,28,]
272:[10,22,27,]
273:[8,17,15,22,27,23,20,24,21,]
274:[10,22,27,23,20,21,24,19,11,7,18,8,17,]
275:[9,16,29,3,15,23,27,22,]
276:[26,]
277:[17,20,21,24,19,2,1,4,]
278:[27,23,20,21,24,19,4,2,1,]
279:[12,16,9,29,22,27,23,20,21,24,19,11,7,28,5,]
280:[29,22,23,27,19,2,1,]
281:[8,18,7,]
282:[18,5,28,7,21,24,19,20,]
283:[11,6,5,28,]
284:[19,20,24,21,]
285:[27,23,20,24,21,7,18,]
286:[16,9,29,22,27,23,20,21,24,11,7,18,28,5,6,]
287:[8,17,23,27,22,3,29,]
288:[29,10,3,22,27,23,20,19,21,24,]
289:[21,]
290:[21,20,19,11,7,8,17,]
291:[18,7,11,19,24,21,20,23,27,29,22,]
292:[11,19,24,21,]
293:[6,5,28,7,11,19,24,21,20,23,27,22,29,]
294:[29,]
295:[26,]
296:[27,23,20,21,24,19,2,4,]
297:[12,16,9,29,3,22,27,20,24,21,17,8,]
298:[29,10,]
299:[1,2,4,19,24,21,20,23,27,22,3,29,16,9,]
300:[3,22,10,15,23,20,24,21,19,2,1,]
301:[7,18,28,5,6,]
302:[7,]
303:[28,5,19,1,2,]
304:[7,18,8,11,19,20,21,24,]
305:[27,23,3,22,29,9,16,]
306:[12,16,9,29,22,27,23,20,21,24,19,5,28,]
307:[29,9,16,12,]
308:[25,5,28,7,11,19,]
309:[29,3,22,27,23,20,21,24,19,2,1,]
310:[3,10,15,23,27,22,29,9,16,]
311:[7,21,24,20,19,4,]
312:[26,]
313:[27,]
314:[12,]
315:[4,2,19,24,21,20,27,22,23,]
316:[28,5,18,]
317:[25,6,5,28,7,18,8,21,20,]
318:[3,10,29,22,27,23,20,19,24,21,]
319:[23,22,27,20,21,19,2,4,]
320:[16,9,29,3,22,23,27,]
321:[22,3,27,23,20,21,24,11,7,28,5,6,25,]
322:[2,19,24,21,20,23,27,29,22,]
323:[16,9,2,4,]
324:[7,18,11,19,1,2,]
325:[10,22,27,23,20,24,21,7,]
326:[25,5,28,11,24,21,20,23,27,22,10,29,16,9,]
327:[11,7,]
328:[9,16,29,10,22,27,23,20,21,24,19,2,]
329:[29,22,27,23,]
330:[29,10,]
331:[27,23,22,3,29,9,16,]
332:[6,5,28,18,7,21,24,20,23,27,]
333:[23,27,20,21,24,19,11,7,28,5,]
334:[6,]
335:[17,15,22,27,23,20,24,21,]
336:[28,6,5,]
337:[16,9,29,10,15,]
338:[16,9,29,22,27,23,17,8,]
339:[27,23,20,21,24,19,]
340:[20,21,24,27,23,]
341:[26,]
342:[2,19,24,20,23,27,22,10,]
343:[26,]
344:[4,1,2,19,24,21,20,27,23,17,8,7,18,]
345:[8,17,20,21,19,2,]
346:[20,24,21,23,27,22,29,10,]
347:[15,10,29,3,22,27,23,20,19,24,21,]
348:[19,]
349:[17,23,27,22,29,9,16,]
350:[1,2,9,16,]
351:[12,9,16,29,10,3,]
352:[9,16,29,22,27,23,20,24,17,8,]
353:[25,6,28,5,]
354:[15,10,3,22,27,23,21,24,20,]
355:[24,21,20,19,11,]
356:[7,5,28,18,8,17,]
357:[7,28,5,6,]
358:[5,28,7,18,8,17,23,27,29,10,22,]
359:[24,21,20,19,]
360:[23,27,19,24,21,20,]
361:[24,21,20,27,23,]
362:[25,6,5,28,]
363:[4,2,19,24,21,20,23,27,22,10,29,12,]
364:[18,17,21,24,20,23,22,3,]
365:[29,10,]
366:[3,29,22,27,23,17,8,18,28,5,6,]
367:[16,9,29,3,22,27,23,17,8,]
368:[16,9,29,10,3,22,27,23,20,19,24,21,]
369:[27,23,20,21,24,19,7,28,5,18,]
370:[4,2,19,20,24,21,7,18,]
371:[19,11,]
372:[17,8,7,11,19,]
373:[6,]
374:[27,23,20,21,24,19,11,28,5,]
375:[1,2,19,24,21,20,27,23,15,22,]
376:[8,17,18,7,28,5,]
377:[22,27,23,20,]
378:[24,21,20,19,2,4,]
379:[26,]
380:[2,19,11,7,5,28,]
381:[12,16,9,29,]
382:[5,28,18,7,11,19,2,4,]
383:[18,7,11,19,24,21,20,23,27,22,10,]
384:[23,17,8,5,28,7,]
385:[26,]
386:[4,2,19,24,21,20,]
387:[20,21,24,19,]
388:[6,5,28,11,19,24,21,20,]
389:[22,23,27,29,16,9,]
390:[10,29,12,]
391:[16,9,29,3,15,23,27,22,]
392:[8,17,]
393:[9,16,29,10,22,27,23,20,21,24,]
394:[22,27,23,20,21,24,]
395:[12,29,10,]
396:[21,24,20,19,11,7,18,]
397:[12,16,9,29,22,27,23,20,24,7,18,]
398:[11,19,]
399:[23,20,21,24,19,2,]
400:[2,19,24,21,20,23,27,10,22,]
401:[22,29,27,23,20,21,24,19,11,7,18,28,5,6,]
402:[12,9,16,]
403:[24,]
404:[26,]
405:[21,24,20,19,2,]
406:[5,28,7,8,17,21,24,20,27,23,]
407:[17,8,18,7,11,19,]
408:[6,5,28,18,7,11,19,24,21,20,23,27,22,29,15,]
409:[12,29,22,27,23,15,]
410:[21,]
411:[15,10,29,22,27,23,]
412:[9,16,29,10,15,23,27,22,]
413:[17,8,18,28,5,]
414:[2,19,11,7,28,5,6,25,]
415:[15,10,29,16,9,12,]
416:[20,21,24,11,7,18,8,17,]
417:[10,29,22,27,23,17,8,7,28,5,6,]
418:[4,2,1,19,24,21,20,23,27,22,3,15,]
419:[16,9,29,15,10,22,27,23,20,24,21,]
420:[4,2,19,11,28,7,18,]
421:[12,9,16,1,2,4,]
422:[15,29,22,27,23,20,24,21,11,7,28,5,6,]
423:[24,21,20,27,23,]
424:[2,1,19,24,21,20,17,8,7,28,5,]
425:[24,21,19,2,4,]
426:[28,5,6,25,]
427:[18,28,5,21,24,19,]
428:[27,23,10,29,22,]
429:[20,24,19,2,4,]
430:[29,10,15,3,22,27,23,17,8,18,7,28,5,]
431:[2,19,11,]
432:[8,17,18,7,11,19,24,21,20,23,27,22,]
433:[6,5,28,7,19,24,21,20,23,27,22,29,15,]
434:[11,19,24,21,20,23,27,22,29,10,15,3,]
435:[27,23,22,3,10,15,17,8,18,]
436:[6,5,28,18,7,21,24,20,27,23,15,22,]
437:[27,23,10,29,22,]
438:[10,29,22,23,27,]
439:[24,21,20,27,23,17,8,7,28,5,6,25,]
440:[17,8,18,]
441:[7,5,28,17,8,]
442:[6,25,]
443:[12,16,9,29,10,22,27,23,20,21,24,19,11,]
444:[16,9,29,3,22,27,23,20,21,7,18,8,17,]
445:[10,22,27,23,20,21,17,8,7,28,5,6,]
446:[24,21,17,18,28,5,7,]
447:[19,11,7,28,5,]
448:[23,27,22,]
449:[23,27,22,29,10,]
450:[18,7,21,24,19,20,23,]
451:[26,]
452:[3,15,10,29,22,27,23,20,21,24,19,11,7,18,8,17,]
453:[9,16,29,10,22,27,23,20,21,24,11,7,18,8,17,]
454:[28,]
455:[5,6,]
456:[4,2,19,24,21,20,27,23,]
457:[20,24,21,11,]
458:[15,10,29,22,23,27,20,21,24,11,7,28,5,25,]
459:[24,21,20,23,27,22,3,10,29,9,16,]
460:[1,2,9,16,]
461:[29,22,27,23,20,21,24,19,2,]
462:[18,8,7,28,5,]
463:[18,28,5,7,21,24,19,2,]
464:[15,23,27,22,29,10,]
465:[4,2,19,24,21,20,27,23,]
466:[11,7,28,5,6,]
467:[17,23,27,22,10,]
468:[4,2,19,]
469:[15,10,22,27,23,17,]
470:[6,5,28,18,24,20,23,27,22,29,3,]
471:[1,2,19,24,21,20,23,27,22,29,]
472:[4,2,19,24,21,20,23,27,22,10,15,]
473:[8,17,23,27,22,3,10,]
474:[1,2,19,24,21,20,17,8,18,]
475:[3,10,29,22,27,23,20,21,24,19,]
476:[29,10,15,3,22,27,23,20,21,24,11,7,18,28,6,5,]
477:[10,29,3,22,27,23,20,21,24,19,4,]
478:[17,20,21,24,19,2,1,]
479:[28,5,18,7,]
480:[15,10,3,29,22,27,23,20,21,24,19,]
481:[11,19,24,21,20,23,27,22,3,15,10,29,16,9,]
482:[23,27,20,24,21,17,8,7,28,5,6,25,]
483:[12,16,9,29,]
484:[7,21,24,19,2,]
485:[10,29,9,16,]
486:[8,]
487:[4,2,1,]
488:[27,23,20,21,24,19,]
489:[20,23,22,16,9,]
490:[16,9,29,10,15,23,27,3,22,]
491:[22,]
492:[5,24,19,4,]
493:[7,]
494:[28,5,7,18,8,17,21,24,20,]
495:[16,9,29,10,3,22,27,23,20,21,24,19,4,1,2,]
496:[9,16,29,15,3,22,27,23,]
497:[20,23,27,22,3,10,29,9,16,]
498:[6,5,28,18,8,17,23,27,20,21,24,19,]
499:[9,16,29,27,23,3,]
500:[9,16,2,1,]
501:[12,16,9,29,22,27,23,20,21,24,19,2,]
502:[23,20,21,24,19,]
503:[20,21,24,19,1,2,4,]
504:[21,20,17,7,28,5,25,]
505:[3,23,27,22,29,16,9,]
506:[6,5,28,21,19,4,]
507:[19,11,7,28,5,6,25,]
508:[5,28,7,8,17,20,23,27,22,29,]
509:[9,16,29,10,22,27,23,20,24,21,28,5,7,]
510:[20,23,27,3,15,10,29,22,]
511:[1,2,]
512:[5,28,18,8,17,23,27,22,29,16,9,]
513:[28,5,18,7,21,24,20,]
514:[16,29,10,22,27,23,20,24,21,19,]
515:[27,23,17,8,]
516:[19,24,21,20,27,23,]
517:[9,29,22,27,23,20,]
518:[18,28,5,7,21,24,19,20,23,27,22,29,16,9,]
519:[28,5,7,18,]
520:[16,9,29,22,27,23,20,]
521:[29,22,3,27,23,20,21,11,]
522:[4,2,19,24,21,20,]
523:[29,22,27,23,20,21,24,19,1,2,]
524:[19,21,24,]
525:[11,19,20,21,24,]
526:[16,9,29,22,27,23,20,21,24,19,11,7,28,5,25,]
527:[5,11,19,4,]
528:[8,17,21,24,20,19,]
529:[15,23,27,22,]
530:[28,5,7,8,17,24,20,]
531:[25,6,5,7,18,28,]
532:[29,22,27,23,15,10,]
533:[6,5,28,7,21,24,19,1,2,]
534:[21,24,19,2,4,]
535:[23,]
536:[28,5,7,11,21,20,23,27,22,3,10,]
537:[27,23,15,3,22,29,9,16,]
538:[11,19,24,21,20,23,27,22,3,15,10,29,9,16,12,]
539:[20,23,27,29,3,22,]
540:[3,15,29,22,27,23,20,21,24,19,28,5,7,18,]
541:[22,27,23,20,21,24,11,]
542:[29,]
543:[15,3,10,22,27,23,]
544:[16,9,29,10,22,27,23,20,21,24,11,19,]
545:[22,]
546:[16,9,29,22,27,23,20,24,21,8,17,]
547:[6,]
548:[4,19,]
549:[8,17,23,27,22,3,]
550:[9,16,29,22,27,23,20,]
551:[5,28,18,7,11,19,]
552:[15,29,22,27,23,20,19,24,21,]
553:[7,18,11,21,20,23,27,22,29,16,9,12,]
554:[5,28,7,8,17,23,27,]
555:[10,29,22,27,23,20,21,19,2,4,]
556:[29,22,27,23,20,21,19,2,1,]
557:[4,2,19,24,18,28,5,25,]
558:[28,5,11,]
559:[12,]
560:[11,19,2,]
561:[8,17,]
562:[12,16,9,]
563:[24,21,20,23,27,22,3,10,29,16,9,]
564:[19,11,7,28,5,6,25,]
565:[25,]
566:[4,19,24,21,20,27,22,29,23,17,8,]
567:[2,19,20,21,24,]
568:[16,9,29,22,27,23,17,8,]
569:[10,29,22,27,20,21,24,19,2,1,]
570:[19,11,7,]
571:[21,24,20,19,]
572:[19,24,21,20,23,27,22,29,10,15,]
573:[8,17,15,10,22,27,23,20,21,]
574:[25,6,5,28,7,11,19,24,21,]
575:[23,27,20,21,24,19,]
576:[22,27,23,17,8,]
577:[11,24,21,20,23,27,22,3,10,29,9,16,]
578:[11,19,24,21,20,23,27,22,]
579:[8,18,28,5,7,]
580:[27,29,22,23,20,24,21,11,]
581:[3,]
582:[8,17,20,21,24,19,2,]
583:[11,24,21,20,27,23,17,8,]
584:[10,15,3,22,27,23,20,21,24,]
585:[19,11,7,28,5,6,]
586:[27,23,3,22,29,]
587:[5,28,6,11,]
588:[20,21,24,19,2,1,]
589:[26,]
590:[11,5,28,7,]
591:[26,]
592:[4,2,19,21,20,27,23,22,29,9,16,12,]
593:[19,24,21,20,23,27,22,29,10,3,]
594:[24,21,19,20,23,27,22,10,29,16,9,]
595:[12,16,9,29,22,27,23,20,24,21,7,18,]
596:[26,]
597:[29,10,22,27,23,20,21,24,19,11,]
598:[3,29,22,27,23,20,24,21,8,]
599:[23,27,22,29,10,3,]
600:[2,19,24,21,11,7,5,28,]
601:[12,9,16,29,10,]
602:[8,17,23,27,19,20,21,24,]
603:[4,2,19,24,21,20,]
604:[7,18,]
605:[17,8,18,7,11,21,20,23,22,]
606:[22,3,27,23,17,8,7,28,5,6,]
607:[17,8,7,28,5,25,]
608:[3,10,29,22,27,23,20,21,24,19,11,7,28,5,6,]
609:[5,28,7,21,24,20,19,2,]
610:[3,22,23,27,]
611:[18,7,11,21,20,23,27,3,22,10,29,]
612:[24,21,20,27,23,22,10,17,8,18,7,28,5,6,25,]
613:[26,]
614:[24,]
615:[21,24,20,19,2,4,]
616:[6,5,28,7,11,19,]
617:[5,28,7,11,19,2,1,4,]
618:[6,5,28,21,24,20,23,27,22,3,29,16,9,]
619:[3,29,22,27,23,20,24,21,7,28,5,6,]
620:[3,15,23,27,22,29,10,]
621:[5,28,7,21,24,19,2,4,]
622:[20,23,27,22,10,29,16,9,]
623:[18,7,11,]
624:[3,10,29,22,27,23,17,8,18,7,5,28,]
625:[12,29,10,3,]
626:[11,5,28,7,8,17,]
627:[15,23,27,22,3,29,]
628:[7,18,28,5,6,]
629:[9,16,2,4,]
630:[26,]
631:[29,22,27,23,20,21,24,19,5,28,7,]
632:[8,17,7,28,]
633:[7,11,19,24,21,20,23,27,22,15,10,29,12,]
634:[6,5,28,7,11,24,21,20,27,22,23,]
635:[28,7,17,8,]
636:[22,27,23,29,10,3,]
637:[26,]
638:[22,10,29,15,23,27,20,21,24,19,11,]
639:[25,6,5,28,7,18,8,17,20,21,24,19,2,]
640:[20,23,27,22,29,10,3,]
641:[12,9,16,29,10,3,22,27,23,20,]
642:[17,21,24,20,]
643:[18,7,11,24,21,20,]
644:[21,24,19,]
645:[15,10,29,16,9,]
646:[2,19,24,21,20,23,27,22,10,29,]
647:[10,]
648:[7,18,28,5,6,25,]
649:[11,19,24,21,20,27,23,15,10,29,22,]
650:[9,16,29,3,22,27,23,20,21,24,19,6,28,5,]
651:[15,10,29,3,23,27,22,]
652:[1,2,9,16,]
653:[24,21,20,19,11,7,18,28,5,6,]
654:[25,6,5,28,]
655:[18,8,17,23,27,22,10,]
656:[23,27,20,24,21,]
657:[29,10,]
658:[12,16,9,29,22,27,23,20,21,19,2,]
659:[10,29,22,23,27,19,20,24,21,8,]
660:[29,22,27,23,20,21,24,7,28,18,]
661:[28,5,7,8,17,23,27,22,3,10,29,]
662:[25,5,28,7,11,19,]
663:[18,28,5,6,25,]
664:[24,20,21,7,]
665:[20,23,27,29,22,]
666:[1,2,19,24,21,20,23,27,22,15,10,29,]
667:[1,2,19,24,21,17,8,18,]
668:[5,28,18,7,21,20,23,27,22,10,]
669:[8,17,28,18,]
670:[11,19,24,21,20,23,27,22,29,15,]
671:[2,9,16,]
672:[27,23,22,29,10,15,]
673:[24,21,20,23,27,]
674:[23,27,22,3,10,29,9,16,]
675:[2,19,11,5,28,18,]
676:[7,18,8,17,23,27,19,]
677:[5,7,8,17,21,24,20,23,27,22,29,9,16,]
678:[4,1,2,19,11,]
679:[7,5,28,8,17,20,21,24,]
680:[27,22,23,20,21,24,19,2,4,]
681:[15,3,29,22,27,23,20,21,24,19,2,1,]
682:[18,17,20,24,21,]
683:[23,27,22,3,15,10,12,]
684:[22,27,23,20,21,24,19,11,18,7,28,5,6,]
685:[6,28,5,21,24,20,23,27,22,29,15,]
686:[2,16,9,]
687:[3,10,22,27,23,17,8,18,28,5,]
688:[21,24,19,6,]
689:[11,19,24,21,20,23,27,22,10,]
690:[11,19,24,21,20,]
691:[17,8,18,5,28,7,11,19,24,21,20,23,27,29,10,22,]
692:[24,21,20,23,27,22,3,15,]
693:[2,1,19,24,21,20,23,27,22,10,29,]
694:[4,19,20,24,21,7,28,5,6,25,]
695:[28,5,7,11,24,21,20,23,22,3,]
696:[19,11,]
697:[28,5,18,7,11,]
698:[1,2,]
699:[12,16,9,29,3,22,27,23,15,]
700:[17,8,18,7,11,]
701:[11,7,28,5,6,]
702:[23,22,27,20,21,24,19,2,]
703:[6,5,28,7,11,19,20,21,24,]
704:[10,29,9,16,]
705:[12,]
706:[3,22,27,23,20,21,24,19,2,1,]
707:[26,]
708:[21,24,20,19,11,7,5,28,]
709:[9,16,29,22,27,23,15,10,]
710:[26,]
711:[7,11,24,21,20,23,27,22,3,29,]
712:[12,16,9,29,]
713:[19,24,21,20,23,27,22,3,10,29,9,16,12,]
714:[11,19,2,1,]
715:[11,7,28,5,25,]
716:[26,]
717:[7,21,20,23,22,3,15,10,]
718:[18,5,28,7,21,24,19,20,23,]
719:[5,28,7,18,8,17,20,24,21,]
720:[2,1,19,]
721:[8,17,21,24,20,]
722:[25,5,28,18,7,]
723:[19,11,7,5,28,]
724:[20,21,23,27,22,3,15,10,29,9,16,]
725:[9,16,29,22,27,23,20,24,19,2,]
726:[29,3,22,27,23,20,24,21,8,17,]
727:[16,9,29,22,27,23,20,21,24,19,7,18,]
728:[9,16,29,22,27,23,20,24,21,28,5,7,]
729:[21,24,19,20,23,22,29,27,]
730:[6,5,28,7,21,24,20,23,27,22,3,29,9,16,]
731:[24,21,17,8,]
732:[16,9,29,10,3,22,27,23,17,8,18,7,28,5,6,25,]
733:[4,2,9,16,]
734:[9,16,29,22,27,23,20,24,21,7,5,6,]
735:[29,10,3,22,27,23,20,21,24,11,]
736:[9,16,29,22,27,23,17,8,]
737:[4,2,1,19,]
738:[5,28,7,18,8,17,20,21,24,19,2,]
739:[20,]
740:[3,22,27,23,15,10,]
741:[22,27,20,21,11,5,28,18,7,]
742:[7,18,17,]
743:[3,10,29,22,27,23,20,19,24,21,]
744:[25,5,28,19,4,]
745:[6,5,28,18,7,11,24,21,20,23,27,22,29,9,16,]
746:[29,10,3,23,27,22,]
747:[26,]
748:[20,19,24,21,]
749:[3,10,22,27,23,20,21,24,19,2,]
750:[4,2,19,24,21,20,23,22,27,]
751:[29,10,22,27,23,]
752:[29,22,27,23,17,8,28,5,7,]
753:[28,5,]
754:[9,16,29,10,3,22,27,23,20,19,24,21,]
755:[7,5,28,18,8,17,]
756:[16,9,29,10,22,27,23,17,8,7,28,5,11,]
757:[25,6,5,28,7,11,19,24,21,]
758:[26,]
759:[6,5,28,7,8,17,15,22,29,16,9,]
760:[8,17,]
761:[12,16,9,29,22,27,23,]
762:[7,28,5,11,24,21,20,23,27,22,29,]
763:[19,24,21,20,23,27,22,3,10,15,17,8,18,7,28,5,6,]
764:[8,17,7,18,]
765:[2,19,24,21,20,27,23,15,22,29,10,]
766:[26,]
767:[8,17,23,27,]
768:[27,23,20,19,11,24,21,]
769:[5,28,7,11,19,24,21,20,23,27,22,3,10,]
770:[15,17,8,]
771:[5,28,18,7,21,24,20,23,27,22,15,10,]
772:[16,9,29,22,27,23,24,21,20,]
773:[28,18,7,11,19,20,21,24,]
774:[6,]
775:[8,7,5,28,]
776:[22,3,27,23,17,]
777:[21,24,19,20,23,27,22,15,17,8,18,]
778:[5,6,]
779:[3,10,29,27,23,17,8,7,18,]
780:[21,24,20,23,27,22,3,29,9,16,12,]
781:[8,17,21,24,19,]
782:[2,19,21,20,23,27,22,29,10,15,]
783:[6,28,5,]
784:[21,20,17,8,18,]
785:[22,27,23,10,29,]
786:[25,5,28,18,7,11,19,2,]
787:[6,5,28,7,21,24,20,19,2,1,]
788:[25,6,5,28,7,21,24,20,19,1,2,]
789:[24,21,20,23,27,22,15,10,29,]
790:[29,10,22,27,23,20,21,24,19,]
791:[20,23,27,22,10,29,9,16,12,]
792:[1,2,19,24,21,20,23,27,22,]
793:[25,6,5,28,7,11,19,]
794:[26,]
795:[18,28,5,6,]
796:[1,2,19,11,]
797:[24,21,20,23,27,22,29,10,]
798:[9,16,12,]
799:[26,]
800:[26,]
801:[18,8,17,20,21,24,19,]
802:[16,9,29,22,27,23,20,24,21,7,28,5,25,]
803:[17,8,18,7,11,19,21,24,20,23,27,]
804:[4,19,24,21,20,23,27,22,3,]
805:[18,7,28,5,]
806:[9,16,29,22,27,23,17,8,28,5,6,]
807:[4,2,19,11,5,28,18,]
808:[21,24,20,27,23,17,]
809:[2,19,24,21,7,28,5,]
810:[20,23,27,22,29,10,15,]
811:[15,29,22,27,]
812:[19,1,2,]
813:[19,24,21,20,23,27,]
814:[29,9,16,12,]
815:[11,7,18,28,6,5,]
816:[28,5,18,7,]
817:[1,2,]
818:[23,27,22,10,15,17,8,7,28,5,6,]
819:[12,16,9,1,2,4,]
820:[22,10,15,23,27,20,21,]
821:[15,10,29,22,27,23,3,]
822:[7,8,17,23,27,20,21,24,]
823:[6,5,28,7,18,8,17,23,27,22,3,10,]
824:[26,]
825:[24,21,20,23,27,22,3,29,10,15,17,8,18,7,6,5,28,]
826:[11,7,18,]
827:[6,5,28,7,]
828:[12,29,22,27,23,3,]
829:[16,9,29,22,27,23,20,21,17,8,18,]
830:[8,23,27,19,4,]
831:[23,27,22,3,10,29,12,]
832:[18,7,28,5,19,]
833:[19,1,2,]
834:[21,20,24,]
835:[9,16,29,10,22,27,23,17,8,18,7,28,5,6,25,]
836:[25,6,5,28,7,11,19,24,21,20,]
837:[25,5,28,7,8,17,15,]
838:[6,5,28,7,19,20,21,24,]
839:[6,5,28,7,21,24,20,19,4,]
840:[22,3,10,15,23,27,20,21,24,19,11,18,7,]
841:[11,19,2,]
842:[5,28,7,8,17,21,24,19,2,]
843:[2,19,24,21,20,27,23,17,8,18,]
844:[5,28,7,18,8,17,23,27,22,29,10,]
845:[18,7,28,5,6,]
846:[9,16,29,10,22,3,27,23,20,21,24,11,]
847:[26,]
848:[15,23,27,22,3,29,]
849:[15,10,29,3,22,27,23,20,21,24,19,2,]
850:[16,9,2,]
851:[29,22,10,27,23,20,21,24,19,]
852:[21,24,20,27,23,]
853:[22,29,27,23,24,19,2,1,]
854:[2,1,19,]
855:[6,5,28,7,21,24,19,4,2,1,]
856:[12,16,9,29,22,27,23,20,24,21,18,7,]
857:[25,5,28,19,2,]
858:[2,19,24,21,20,23,27,22,10,29,12,]
859:[6,5,28,7,8,17,21,20,]
860:[15,]
861:[24,21,20,19,27,23,15,]
862:[22,27,23,10,29,9,16,]
863:[19,20,21,24,]
864:[3,22,27,23,20,24,21,7,18,8,17,]
865:[11,21,24,20,23,27,22,3,10,29,16,9,]
866:[22,27,23,20,21,24,19,11,]
867:[5,28,7,21,24,20,19,2,]
868:[3,15,23,27,22,29,9,16,]
869:[17,23,27,19,20,24,21,]
870:[4,2,19,24,21,]
871:[26,]
872:[23,27,22,29,10,]
873:[26,]
874:[3,10,29,]
875:[8,17,20,21,24,19,2,1,4,]
876:[19,11,7,28,5,6,]
877:[15,10,29,3,22,27,23,17,8,]
878:[7,11,19,24,21,20,27,23,]
879:[25,5,28,7,18,8,17,]
880:[22,29,10,23,27,]
881:[24,21,20,19,]
882:[16,]
883:[29,22,27,23,20,21,24,19,2,1,]
884:[25,5,28,18,7,11,19,24,23,27,22,29,10,3,]
885:[12,29,22,27,23,17,8,]
886:[12,29,10,22,27,23,20,21,24,19,11,7,5,28,]
887:[25,5,28,7,11,21,24,20,23,27,22,29,3,]
888:[21,24,20,23,27,22,]
889:[29,22,27,23,20,24,21,28,5,7,]
890:[12,16,9,29,22,27,23,]
891:[25,5,28,11,19,24,21,20,23,22,29,27,]
892:[16,9,]
893:[26,]
894:[8,17,21,24,19,1,2,4,]
895:[9,16,29,22,27,23,20,21,24,19,11,]
896:[6,5,28,18,17,]
897:[26,]
898:[17,8,]
899:[15,10,3,22,23,27,]
900:[27,20,21,24,19,]
901:[6,5,28,7,18,]
902:[18,7,21,20,19,2,1,]
903:[25,5,28,7,8,]
904:[9,16,29,22,10,15,]
905:[7,21,24,20,15,22,27,23,]
906:[11,19,1,2,]
907:[22,27,23,17,8,18,7,5,28,]
908:[25,6,]
909:[9,2,4,]
910:[2,19,28,5,7,]
911:[8,17,23,27,22,29,10,]
912:[11,21,20,]
913:[2,1,]
914:[15,10,29,22,3,23,27,]
915:[19,]
916:[20,21,]
917:[8,21,24,20,23,27,]
918:[6,5,28,7,17,]
919:[22,27,23,15,10,29,16,9,]
920:[5,28,7,18,8,17,15,10,22,27,23,20,21,24,19,]
921:[7,8,17,21,24,20,]
922:[2,1,19,11,7,18,28,5,6,]
923:[17,8,7,21,20,23,27,10,3,22,]
924:[12,29,22,27,23,20,24,21,11,7,5,28,]
925:[8,17,20,21,24,19,]
926:[1,2,19,11,]
927:[21,24,20,23,27,22,3,10,29,16,9,]
928:[22,27,23,20,21,24,11,]
929:[18,]
930:[28,5,18,7,11,21,24,20,23,]
931:[9,16,29,10,23,27,22,]
932:[19,21,20,17,]
933:[1,2,19,20,21,17,18,]
934:[20,24,21,27,23,]
935:[23,27,20,24,21,17,8,18,7,5,28,]
936:[4,2,19,24,21,8,]
937:[9,16,29,3,22,27,23,20,21,24,19,1,2,]
938:[1,2,19,20,24,]
939:[26,]
940:[29,10,22,27,23,20,21,24,19,2,1,]
941:[10,29,22,27,20,24,21,]
942:[24,21,20,23,27,22,29,10,15,17,8,18,7,5,28,]
943:[7,28,5,6,25,]
944:[19,24,21,20,]
945:[25,5,28,7,8,17,20,24,21,]
946:[22,27,23,20,21,24,19,]
947:[22,27,23,3,10,]
948:[23,27,22,3,29,16,9,]
949:[12,16,9,29,10,15,]
950:[22,27,23,20,21,11,7,18,17,8,]
951:[7,28,5,6,]
952:[29,10,22,27,23,17,8,18,7,28,5,]
953:[27,23,20,21,24,19,2,1,]
954:[9,16,29,22,3,23,27,]
955:[6,5,28,17,8,]
956:[26,]
957:[27,23,22,29,]
958:[20,21,24,23,27,22,3,15,29,]
959:[11,19,2,1,]
960:[4,2,19,24,21,20,23,27,22,10,]
961:[20,21,24,19,11,7,18,]
962:[5,28,18,7,11,19,24,21,20,23,27,]
963:[25,6,5,28,7,8,17,23,27,22,3,29,16,9,]
964:[6,5,28,7,18,17,8,]
965:[27,23,]
966:[6,5,28,7,21,24,19,20,23,27,]
967:[8,17,23,27,22,29,12,]
968:[25,6,5,28,7,21,24,19,20,23,27,22,29,10,]
969:[24,21,20,17,8,28,5,]
970:[27,23,20,21,24,19,2,]
971:[8,17,23,22,29,12,16,9,]
972:[5,28,18,7,11,]
973:[26,]
974:[19,24,21,20,23,27,]
975:[11,7,]
976:[16,9,29,22,27,23,20,21,24,19,11,5,28,18,7,]
977:[27,23,20,21,24,19,2,1,]
978:[16,9,29,3,22,27,23,20,21,17,7,18,]
979:[17,15,22,23,27,]
980:[17,8,18,7,11,19,24,21,20,23,27,22,]
981:[24,21,19,20,23,27,22,3,10,15,]
982:[4,]
983:[15,22,27,23,20,21,24,19,2,1,]
984:[5,28,18,7,21,24,19,20,27,23,15,29,22,]
985:[29,10,]
986:[12,9,16,29,22,27,23,20,24,21,5,28,]
987:[12,9,16,29,10,15,23,27,22,3,]
988:[9,16,29,22,27,10,]
989:[8,17,23,27,22,29,]
990:[5,28,7,19,24,21,20,23,27,22,29,9,16,]
991:[23,27,22,10,29,16,9,]
992:[2,]
993:[9,16,29,22,23,27,20,19,2,]
994:[19,24,21,20,23,27,22,29,3,]
995:[9,]
996:[15,22,10,]
997:[25,6,5,28,7,11,19,24,21,20,]
998:[24,21,20,23,15,]
999:[25,6,5,28,18,7,11,19,24,21,20,]
1000:[29,10,22,23,27,20,21,24,19,1,2,]
1001:[23,27,20,21,24,19,11,7,18,28,5,6,]
1002:[19,2,]
1003:[17,8,18,7,28,5,]
1004:[28,5,18,7,11,]
1005:[26,]
1006:[4,2,19,20,24,21,17,8,]
1007:[16,9,29,10,]
1008:[4,19,24,21,20,23,27,22,10,29,12,]
1009:[23,27,22,3,10,15,]
1010:[16,9,29,]
1011:[19,24,21,17,8,18,]
1012:[2,19,24,21,17,8,18,7,5,28,]
1013:[29,10,22,23,27,]
1014:[18,7,21,24,20,23,27,22,3,]
1015:[6,5,28,]
1016:[2,1,4,19,24,21,20,23,27,22,3,10,29,]
1017:[22,29,27,23,20,19,24,21,18,7,]
1018:[9,16,29,22,27,23,20,21,24,11,]
1019:[21,20,23,27,22,15,]
1020:[26,]
1021:[21,24,20,19,11,7,28,5,18,8,17,]
1022:[23,27,20,21,24,19,11,7,18,]
1023:[7,19,24,21,20,23,27,22,3,29,16,9,]
1024:[23,20,21,24,19,]
1025:[29,22,27,23,20,24,19,]
1026:[2,19,21,20,23,27,22,10,]
1027:[5,]
1028:[29,15,22,27,23,20,19,21,24,]
1029:[7,21,24,19,4,]
1030:[6,5,28,7,21,24,19,2,1,]
1031:[18,17,8,7,5,28,]
1032:[10,29,22,27,23,20,19,24,21,]
1033:[16,9,29,22,27,23,20,21,11,7,]
1034:[12,16,9,29,10,22,27,23,20,21,24,19,]
1035:[25,6,5,28,7,11,2,4,]
1036:[23,27,20,21,24,11,]
1037:[15,23,22,27,]
1038:[5,28,18,7,11,19,24,21,20,23,27,22,10,15,]
1039:[15,]
1040:[5,28,7,18,8,17,23,27,22,3,29,]
1041:[26,]
1042:[21,24,20,]
1043:[5,28,7,18,8,17,23,27,]
1044:[27,23,20,24,]
1045:[4,2,19,24,21,20,23,27,22,3,]
1046:[15,23,27,22,29,10,]
1047:[11,19,24,21,17,8,]
1048:[15,10,]
1049:[6,5,28,]
1050:[8,7,28,5,]
1051:[8,17,15,23,27,22,29,9,16,]
1052:[1,2,19,24,21,20,23,22,29,]
1053:[6,5,28,7,11,]
1054:[2,19,24,21,20,]
1055:[20,24,21,23,27,22,3,15,10,29,9,16,12,]
1056:[3,29,22,27,23,17,]
1057:[28,5,7,11,]
1058:[18,]
1059:[5,28,18,7,11,2,]
1060:[29,22,27,23,20,19,24,21,]
1061:[19,24,21,20,23,27,22,29,]
1062:[21,24,20,19,11,7,18,28,6,5,]
1063:[25,5,28,18,8,17,23,27,]
1064:[15,23,27,22,29,]
1065:[6,5,28,7,18,8,17,23,27,22,10,29,]
1066:[24,21,20,11,7,18,]
1067:[7,18,11,19,24,21,20,23,27,22,]
1068:[21,20,23,27,22,3,15,]
1069:[28,5,11,19,2,]
1070:[29,22,27,23,20,21,24,19,2,1,]
1071:[28,18,7,5,]
1072:[18,7,19,24,21,20,23,27,22,29,3,]
1073:[2,19,11,5,28,7,8,17,]
1074:[19,2,1,]
1075:[10,29,]
1076:[10,15,29,22,27,23,]
1077:[16,9,29,10,3,22,23,27,]
1078:[5,28,7,8,17,23,27,22,3,]
1079:[6,5,28,7,19,24,21,20,23,27,22,29,10,15,]
1080:[18,7,11,24,21,20,23,27,22,3,10,29,16,9,]
1081:[4,2,19,24,21,20,23,27,22,3,15,]
1082:[6,5,28,24,19,2,4,]
1083:[28,7,24,21,19,20,23,27,]
1084:[6,5,28,18,7,19,24,21,20,23,22,29,27,]
1085:[27,23,17,8,7,28,5,6,25,]
1086:[24,21,20,19,27,23,]
1087:[23,27,19,24,21,17,8,]
1088:[29,22,27,23,20,24,21,]
1089:[27,23,22,29,3,]
1090:[16,9,29,10,22,27,23,20,21,24,19,]
1091:[16,9,29,22,27,23,15,17,8,]
1092:[12,16,9,29,3,22,27,23,17,7,28,5,6,25,]
1093:[21,24,19,20,23,27,22,]
1094:[10,29,22,27,23,20,21,24,19,2,1,]
1095:[7,5,28,8,17,21,24,20,23,27,22,29,10,]
1096:[28,]
1097:[6,5,28,]
1098:[4,2,19,24,21,20,23,27,]
1099:[18,28,5,11,19,24,21,20,23,27,22,15,10,29,16,9,]
1100:[1,2,19,24,7,28,5,6,]
1101:[18,7,6,5,28,]
1102:[20,23,27,22,29,]
1103:[20,21,24,19,11,7,18,]
1104:[5,28,7,8,17,21,24,19,20,27,23,]
1105:[20,24,21,23,27,22,3,29,9,16,12,]
1106:[19,2,]
1107:[29,10,15,22,27,23,20,]
1108:[24,21,20,23,27,22,3,15,10,]
1109:[16,9,29,10,15,3,22,27,23,]
1110:[25,5,28,19,21,24,20,23,27,]
1111:[27,23,17,8,]
1112:[26,]
1113:[21,24,19,20,23,27,22,29,]
1114:[6,5,28,7,18,8,17,15,10,29,]
1115:[10,15,3,22,27,23,20,]
1116:[8,17,23,27,22,10,15,]
1117:[3,22,]
1118:[6,5,28,7,21,24,20,19,]
1119:[5,28,18,7,]
1120:[4,2,19,11,7,28,5,25,]
1121:[17,8,18,28,5,6,]
1122:[12,29,10,22,27,20,19,4,]
1123:[24,21,20,19,11,7,18,]
1124:[6,5,28,18,21,24,20,23,27,22,29,10,]
1125:[23,27,22,10,15,]
1126:[17,23,27,22,29,9,16,12,]
1127:[12,16,9,29,27,23,3,22,]
1128:[3,]
1129:[1,2,9,16,]
1130:[20,19,24,21,]
1131:[11,21,20,]
1132:[9,16,29,10,15,22,27,23,20,21,24,]
1133:[8,17,15,]
1134:[22,27,23,20,24,21,8,17,]
1135:[2,1,19,24,21,20,23,27,22,15,3,]
1136:[18,7,28,5,6,]
1137:[5,28,18,7,11,]
1138:[23,27,20,21,24,]
1139:[23,17,7,]
1140:[5,6,28,18,7,11,24,21,20,23,27,22,3,15,10,29,9,16,12,]
1141:[17,15,10,29,9,16,]
1142:[20,21,17,8,]
1143:[12,16,9,]
1144:[20,27,23,]
1145:[23,17,8,]
1146:[19,11,6,28,5,]
1147:[3,22,27,23,15,10,29,]
1148:[26,]
1149:[23,22,27,20,24,21,7,28,5,6,]
1150:[10,29,22,23,27,]
1151:[12,16,9,29,10,]
1152:[21,24,20,23,27,22,10,15,]
1153:[8,17,15,10,3,22,27,23,]
1154:[4,19,20,24,21,]
1155:[1,2,9,16,12,]
1156:[2,19,11,7,28,5,6,]
1157:[21,24,20,19,2,1,4,]
1158:[18,7,8,17,23,22,3,10,]
1159:[16,29,10,22,27,23,20,21,24,19,2,1,]
1160:[23,27,22,29,15,10,]
1161:[10,29,22,27,23,20,21,24,19,2,4,]
1162:[25,6,5,28,7,11,19,24,21,20,23,27,22,3,15,]
1163:[3,15,10,22,27,23,20,21,24,19,11,7,18,17,8,]
1164:[20,27,22,]
1165:[6,5,28,7,18,8,17,]
1166:[3,22,27,23,17,8,7,28,5,]
1167:[28,5,7,18,8,]
1168:[7,21,24,20,23,27,22,29,12,]
1169:[1,2,19,24,21,20,23,22,27,]
1170:[3,23,22,10,29,9,16,12,]
1171:[22,3,29,10,15,23,27,]
1172:[18,7,11,]
1173:[10,22,27,23,3,]
1174:[2,9,16,12,]
1175:[16,9,29,22,3,23,27,]
1176:[26,]
1177:[29,22,3,23,20,21,17,8,7,]
1178:[16,29,22,27,23,17,8,7,28,5,6,]
1179:[1,]
1180:[22,10,29,27,23,20,21,24,19,11,7,18,8,17,]
1181:[24,]
1182:[1,2,19,21,20,24,7,28,5,6,]
1183:[8,17,15,22,27,23,]
1184:[3,22,27,23,20,21,24,19,2,1,4,]
1185:[18,8,17,23,27,22,10,]
1186:[17,8,7,28,5,]
1187:[8,17,23,27,22,29,3,]
1188:[12,9,16,29,10,3,22,27,23,20,24,21,]
1189:[5,28,]
1190:[27,29,22,23,20,24,21,7,28,5,6,]
1191:[8,18,7,28,5,6,]
1192:[20,]
1193:[24,21,20,19,2,4,]
1194:[11,7,18,]
1195:[2,]
1196:[22,23,3,]
1197:[11,19,2,1,]
1198:[4,1,2,19,24,21,20,]
1199:[10,29,15,22,27,23,]
1200:[17,8,21,24,20,]
1201:[5,28,]
1202:[5,28,18,7,11,19,24,21,20,23,27,22,29,10,15,3,]
1203:[18,28,5,7,21,24,20,23,27,22,29,10,3,]
1204:[8,17,20,21,24,19,2,]
1205:[26,]
1206:[17,8,18,7,11,24,21,20,]
1207:[10,22,29,]
1208:[8,17,23,27,22,3,29,10,15,]
1209:[4,1,2,19,11,7,18,28,5,6,]
1210:[11,21,24,20,23,27,22,29,9,16,]
1211:[26,]
1212:[22,3,29,27,23,20,21,24,]
1213:[3,22,27,23,20,21,24,19,2,4,]
1214:[7,17,8,28,5,6,]
1215:[7,18,8,17,]
1216:[25,6,5,28,18,7,21,24,20,23,27,22,3,29,16,9,]
1217:[9,16,29,10,3,22,27,23,21,24,20,]
1218:[18,7,8,17,23,27,22,3,10,15,]
1219:[1,2,19,24,21,20,23,22,29,27,]
1220:[3,10,22,27,23,20,24,21,]
1221:[7,8,17,23,27,10,22,]
1222:[16,9,29,22,27,23,17,]
1223:[25,6,]
1224:[23,27,20,21,24,]
1225:[4,2,19,24,21,20,23,27,22,]
1226:[3,22,27,23,17,8,18,7,28,5,6,]
1227:[9,16,29,10,22,27,23,20,21,17,8,5,28,7,]
1228:[24,21,19,20,23,27,22,3,]
1229:[17,8,18,28,5,]
1230:[20,21,24,]
1231:[29,10,15,3,22,27,23,20,21,24,11,7,18,8,17,]
1232:[8,17,23,27,22,3,10,29,9,16,12,]
1233:[26,]
1234:[18,7,6,5,28,]
1235:[5,28,7,8,17,23,27,22,10,29,16,9,]
1236:[16,9,29,22,27,23,20,21,24,19,2,1,]
1237:[16,9,29,22,]
1238:[2,19,24,21,7,5,25,]
1239:[3,10,29,22,27,23,17,]
1240:[26,]
1241:[28,5,7,18,8,17,15,10,22,23,27,]
1242:[28,6,5,]
1243:[5,28,25,]
1244:[7,18,28,5,]
1245:[1,2,4,]
1246:[17,23,27,22,29,9,16,12,]
1247:[11,19,24,21,20,17,]
1248:[4,1,2,19,20,21,24,]
1249:[20,23,27,22,3,10,29,16,9,]
1250:[4,19,11,]
1251:[23,27,22,10,29,12,]
1252:[12,16,9,29,22,27,23,20,21,24,19,]
1253:[23,27,22,3,15,10,29,]
1254:[27,23,20,21,24,19,]
1255:[5,6,28,18,7,]
1256:[16,9,29,22,27,23,3,]
1257:[2,19,24,21,5,6,]
1258:[1,2,19,11,]
1259:[23,27,22,10,]
1260:[10,29,9,16,]
1261:[11,19,24,21,20,]
1262:[10,15,22,27,23,24,21,20,]
1263:[29,9,16,]
1264:[11,19,20,21,24,]
1265:[4,2,19,24,21,20,23,27,22,3,]
1266:[12,16,9,29,22,3,27,23,20,24,21,18,]
1267:[10,22,27,29,16,9,]
1268:[3,15,29,22,27,23,20,24,21,8,]
1269:[21,24,]
1270:[12,16,9,2,]
1271:[6,5,28,18,7,11,19,24,21,20,27,23,22,15,10,]
1272:[1,2,19,24,21,20,23,27,22,3,15,]
1273:[17,8,18,7,28,5,6,25,]
1274:[25,5,28,7,8,17,23,27,22,10,29,9,16,12,]
1275:[27,23,17,8,18,7,5,28,]
1276:[26,]
1277:[8,17,23,27,22,3,29,9,16,]
1278:[18,7,8,17,23,27,10,22,]
1279:[23,27,20,21,24,]
1280:[10,29,3,22,27,23,20,21,24,19,11,7,28,5,6,]
1281:[23,20,21,24,19,11,]
1282:[27,]
1283:[29,10,15,3,22,27,23,20,21,19,]
1284:[15,10,29,22,27,23,17,8,]
1285:[21,24,11,19,20,23,27,22,15,10,29,16,9,]
1286:[28,5,18,7,11,19,24,21,20,23,27,22,29,]
1287:[15,23,27,22,3,29,9,16,12,]
1288:[20,21,24,23,3,22,27,]
1289:[9,16,29,3,22,27,23,20,24,21,7,28,6,]
1290:[22,23,27,29,16,9,]
1291:[8,17,]
1292:[20,24,21,23,27,22,29,3,]
1293:[3,22,29,27,23,15,]
1294:[15,10,22,23,27,20,21,24,]
1295:[2,1,19,11,7,18,28,5,]
1296:[16,9,29,22,27,23,20,21,24,19,2,1,]
1297:[20,23,27,22,29,10,]
1298:[6,5,28,7,18,]
1299:[16,9,29,22,27,23,3,]
1300:[15,10,22,27,23,20,21,24,11,7,18,5,28,]
1301:[1,2,19,24,11,]
1302:[1,]
1303:[16,9,29,15,23,27,22,3,]
1304:[21,]
1305:[27,23,20,19,24,21,7,]
1306:[23,20,19,24,21,7,18,28,5,6,]
1307:[22,27,23,20,21,24,]
1308:[12,16,9,29,22,27,23,17,]
1309:[9,16,29,10,22,27,23,17,]
1310:[10,15,22,23,20,21,24,19,11,]
1311:[5,28,7,18,8,17,23,27,22,3,10,29,16,9,]
1312:[25,5,28,7,21,24,20,23,27,22,29,9,16,]
1313:[25,6,28,5,]
1314:[25,6,5,28,18,8,17,21,24,20,]
1315:[20,24,21,17,8,7,28,5,6,]
1316:[18,7,28,5,6,25,]
1317:[24,21,19,20,23,27,22,3,29,16,9,]
1318:[24,21,19,20,23,27,22,29,15,]
1319:[10,15,22,23,]
1320:[16,9,29,10,]
1321:[7,11,19,24,21,20,27,23,]
1322:[21,24,]
1323:[9,]
1324:[29,27,23,20,24,19,2,4,]
1325:[16,9,29,22,27,23,20,24,19,2,]
1326:[23,22,15,17,8,18,7,28,5,6,25,]
1327:[26,]
1328:[2,1,4,19,11,7,18,]
1329:[18,7,11,19,24,21,20,23,27,22,3,10,15,]
1330:[7,28,5,11,19,]
1331:[2,1,19,20,21,24,]
1332:[19,2,1,]
1333:[27,22,23,20,24,19,2,]
1334:[7,21,24,20,19,]
1335:[27,23,22,29,10,15,]
1336:[10,22,15,17,8,]
1337:[12,16,9,29,22,27,23,20,21,24,18,28,5,25,]
1338:[22,23,27,29,10,]
1339:[12,16,9,29,22,27,23,20,21,24,]
1340:[27,22,23,20,24,19,2,1,]
1341:[3,10,15,23,27,22,]
1342:[28,5,7,8,17,23,27,22,29,9,16,]
1343:[20,21,24,19,11,5,28,18,]
1344:[25,6,5,28,7,]
1345:[27,23,20,21,24,]
1346:[15,10,29,3,22,27,23,]
1347:[11,19,24,21,20,23,27,]
1348:[9,16,]
1349:[17,23,27,22,3,15,10,29,9,16,12,]
1350:[16,9,2,]
1351:[5,28,7,24,21,20,19,]
1352:[22,3,29,27,23,20,]
1353:[20,23,27,22,15,10,29,16,9,]
1354:[15,10,3,]
1355:[5,28,7,8,17,23,27,]
1356:[18,8,17,7,28,5,25,]
1357:[18,5,28,7,11,19,21,24,]
1358:[25,5,28,7,17,15,29,22,27,23,]
1359:[2,]
1360:[1,2,9,16,12,]
1361:[24,21,20,23,27,22,10,29,9,16,12,]
1362:[5,28,7,17,20,24,19,]
1363:[20,21,23,27,]
1364:[17,23,27,22,3,29,10,]
1365:[23,27,22,3,15,10,29,9,16,]
1366:[1,2,19,24,21,20,27,23,]
1367:[18,7,11,19,2,]
1368:[1,2,19,6,5,28,]
1369:[17,8,21,24,19,20,23,27,22,29,16,9,]
1370:[2,19,11,]
1371:[4,2,19,11,5,28,7,]
1372:[29,10,22,27,23,20,21,24,19,2,]
1373:[19,24,21,20,27,23,]
1374:[19,24,21,20,23,27,22,3,29,10,15,]
1375:[12,29,22,27,23,17,]
1376:[4,2,5,28,7,]
1377:[29,12,]
1378:[11,19,4,]
1379:[29,22,27,23,20,21,24,11,7,5,28,]
1380:[15,23,27,22,29,9,16,12,]
1381:[16,9,29,]
1382:[6,5,28,18,7,11,19,24,21,20,23,27,22,3,10,15,]
1383:[21,24,7,]
1384:[20,21,24,19,2,4,]
1385:[21,24,19,20,23,27,22,15,29,9,16,]
1386:[26,]
1387:[16,9,29,22,27,23,20,21,24,19,11,6,25,]
1388:[29,22,27,23,20,21,24,19,2,]
1389:[2,19,11,7,18,28,5,6,]
1390:[16,9,29,22,3,23,27,]
1391:[7,18,28,5,]
1392:[9,29,10,]
1393:[25,5,28,7,17,23,27,22,29,16,9,]
1394:[2,1,19,24,21,20,23,27,22,]
1395:[4,]
1396:[17,23,29,22,27,]
1397:[25,5,28,18,7,11,19,20,21,24,]
1398:[28,5,6,7,8,17,15,10,3,22,27,23,20,21,24,]
1399:[21,24,7,28,5,6,25,]
1400:[6,5,28,7,17,8,]
1401:[21,20,24,11,]
1402:[23,27,20,21,24,19,11,]
1403:[8,17,21,20,19,2,4,]
1404:[2,19,24,20,23,27,22,29,12,]
1405:[26,]
1406:[16,9,29,27,23,22,]
1407:[18,5,28,7,19,20,24,21,]
1408:[1,2,]
1409:[10,15,17,8,]
1410:[6,5,28,7,17,8,]
1411:[7,18,5,28,]
1412:[28,5,6,]
1413:[4,2,1,19,24,21,20,23,27,]
1414:[25,28,5,19,2,1,]
1415:[9,16,29,10,]
1416:[16,9,29,22,27,23,20,19,24,21,]
1417:[15,3,29,22,27,23,]
1418:[3,10,29,16,9,]
1419:[9,16,29,22,23,15,10,]
1420:[1,]
1421:[19,24,21,7,18,5,28,]
1422:[2,19,11,7,18,]
1423:[25,6,5,28,7,18,8,17,15,10,29,9,16,]
1424:[16,9,29,10,3,22,27,23,20,21,24,11,7,28,5,6,25,]
1425:[9,29,27,22,3,]
1426:[23,27,20,21,24,]
1427:[23,17,8,]
1428:[27,23,3,22,29,15,]
1429:[5,28,6,]
1430:[23,27,20,21,24,19,11,7,5,28,]
1431:[11,]
1432:[22,27,23,10,15,17,8,]
1433:[23,27,20,24,21,17,7,5,28,]
1434:[24,21,17,7,28,5,25,]
1435:[19,24,21,20,23,27,29,22,]
1436:[24,21,20,17,8,18,7,28,5,]
1437:[18,5,7,21,24,20,23,27,22,29,]
1438:[21,24,]
1439:[20,24,21,]
1440:[23,27,22,15,10,]
1441:[5,28,7,8,17,23,27,22,3,]
1442:[21,24,]
1443:[19,24,21,7,5,28,]
1444:[15,17,7,28,5,25,]
1445:[25,6,5,28,7,11,19,]
1446:[10,29,22,27,23,17,8,18,28,5,]
1447:[22,10,29,27,23,17,8,]
1448:[11,19,2,4,]
1449:[9,16,29,3,22,27,23,20,21,24,19,1,2,4,]
1450:[6,5,28,7,17,8,]
1451:[28,5,7,18,8,17,23,27,22,29,9,16,12,]
1452:[17,8,7,11,19,20,21,24,]
1453:[6,5,28,7,18,8,17,23,27,20,21,24,]
1454:[3,23,27,22,29,9,16,]
1455:[29,22,27,23,20,19,24,21,7,28,5,6,25,]
1456:[26,]
1457:[26,]
1458:[25,5,28,7,8,17,21,20,27,22,29,16,9,]
1459:[10,3,22,27,23,20,24,19,2,1,]
1460:[11,28,5,]
1461:[10,15,23,27,22,29,16,9,]
1462:[2,1,16,9,]
1463:[10,15,22,23,27,]
1464:[16,9,29,22,27,23,20,21,5,28,18,]
1465:[23,27,19,24,21,18,]
1466:[2,9,16,12,]
1467:[1,2,19,24,21,20,23,27,22,3,15,10,]
1468:[10,15,22,23,27,]
1469:[17,8,18,7,28,6,5,]
1470:[24,21,20,27,23,]
1471:[6,5,28,18,7,]
1472:[3,22,27,23,20,]
1473:[24,21,20,19,]
1474:[12,16,9,29,10,15,3,22,27,23,20,24,21,]
1475:[4,2,1,19,24,21,20,23,27,22,10,29,16,9,]
1476:[2,19,24,21,20,27,23,]
1477:[20,21,17,]
1478:[26,]
1479:[23,27,22,29,3,15,17,]
1480:[21,24,20,23,27,22,29,9,16,]
1481:[2,1,]
1482:[8,18,7,11,24,21,]
1483:[18,5,28,7,19,20,21,24,]
1484:[10,29,16,9,]
1485:[21,24,11,19,20,23,27,22,29,10,3,]
1486:[29,22,27,23,20,21,24,19,2,]
1487:[12,29,22,27,23,17,8,]
1488:[9,16,29,10,3,22,27,23,20,21,24,19,11,18,7,]
1489:[25,6,5,28,11,7,18,8,17,]
1490:[29,10,]
1491:[23,27,]
1492:[1,2,19,24,21,7,5,28,18,]
1493:[3,22,27,23,20,21,24,19,2,1,]
1494:[8,21,24,19,20,23,27,22,29,10,15,]
1495:[21,24,19,20,23,27,22,3,10,29,16,9,]
1496:[10,29,9,16,12,]
1497:[15,10,29,22,27,23,24,21,20,]
1498:[16,9,29,22,27,23,15,]
1499:[17,8,7,]
1500:[22,27,23,15,29,10,]
1501:[17,23,27,29,3,22,]
1502:[19,24,21,20,]
1503:[3,10,29,22,27,23,20,]
1504:[11,21,24,19,2,]
1505:[23,]
1506:[15,10,3,22,27,23,20,21,24,19,]
1507:[5,]
1508:[16,9,29,22,27,23,20,21,24,7,28,5,6,25,]
1509:[15,10,29,]
1510:[9,16,29,]
1511:[18,7,]
1512:[1,2,19,24,21,20,23,27,22,3,10,29,]
1513:[5,28,7,18,8,17,15,10,3,22,27,23,20,21,24,19,]
1514:[18,7,11,19,]
1515:[20,21,19,2,]
1516:[22,29,10,27,23,20,21,24,19,2,1,]
1517:[1,2,19,5,28,7,]
1518:[6,5,28,18,7,11,24,21,20,27,23,15,22,29,9,16,12,]
1519:[9,16,]
1520:[15,10,29,16,9,]
1521:[26,]
1522:[22,3,10,29,27,23,17,8,7,18,]
1523:[7,11,19,4,]
1524:[20,19,24,21,8,]
1525:[27,23,22,29,10,3,]
1526:[27,23,22,29,16,9,12,]
1527:[5,28,18,8,17,23,27,22,29,9,16,]
1528:[12,9,16,29,10,15,3,22,27,23,17,8,]
1529:[25,6,5,28,7,11,24,21,20,27,22,29,9,16,12,]
1530:[29,22,27,23,20,24,21,]
1531:[4,2,19,24,21,20,23,27,22,10,3,]
1532:[9,16,29,10,22,27,23,17,8,]
1533:[21,24,20,23,27,]
1534:[11,7,18,28,5,]
1535:[18,7,11,]
1536:[27,23,22,3,10,29,]
1537:[27,]
1538:[16,9,29,10,22,27,23,17,8,18,]
1539:[11,24,21,20,23,27,]
1540:[17,8,18,]
1541:[5,]
1542:[27,23,15,3,22,29,16,9,]
1543:[29,10,22,27,23,20,19,21,24,]
1544:[6,5,28,7,11,]
1545:[23,27,22,3,29,16,9,]
1546:[18,5,28,7,11,24,21,20,23,27,22,]
1547:[20,23,27,]
1548:[9,16,29,10,]
1549:[25,5,28,7,8,17,23,27,22,10,29,]
1550:[6,5,28,7,18,8,17,23,27,22,3,15,10,]
1551:[9,16,29,10,22,27,23,20,21,24,11,7,18,28,5,]
1552:[19,24,21,20,23,]
1553:[8,21,24,19,2,4,]
1554:[3,15,10,29,22,27,23,20,21,24,19,11,7,18,5,28,]
1555:[5,28,18,17,]
1556:[2,1,19,]
1557:[18,7,6,5,28,]
1558:[1,2,19,24,21,20,27,23,17,8,]
1559:[27,23,20,24,21,]
1560:[7,18,17,8,]
1561:[21,24,7,28,5,6,]
1562:[4,2,1,19,24,21,20,]
1563:[26,]
1564:[28,7,8,17,23,27,19,]
1565:[4,1,2,19,11,7,18,28,5,6,]
1566:[11,19,24,21,20,23,27,22,29,10,3,]
1567:[12,16,9,29,22,27,23,20,24,21,18,]
1568:[6,5,28,7,11,24,21,20,23,27,22,29,9,16,12,]
1569:[28,5,7,11,19,2,]
1570:[29,10,15,22,27,23,20,21,24,19,]
1571:[28,5,6,7,8,17,21,20,19,1,2,]
1572:[10,29,3,22,27,23,20,21,24,]
1573:[16,9,29,22,27,23,20,21,24,19,2,1,]
1574:[21,24,20,23,27,22,15,10,29,]
1575:[24,19,21,20,23,27,22,29,16,9,]
1576:[12,16,9,29,22,27,23,17,8,18,]
1577:[27,22,23,20,21,7,28,5,25,]
1578:[16,9,29,22,27,23,17,]
1579:[3,22,27,23,20,24,21,]
1580:[16,9,2,]
1581:[3,29,22,27,23,20,21,24,19,11,7,18,5,28,]
1582:[6,5,28,7,11,19,4,]
1583:[18,7,5,28,]
1584:[27,23,]
1585:[10,3,22,27,23,20,24,21,11,7,28,5,6,25,]
1586:[11,19,2,4,]
1587:[29,10,]
1588:[12,16,9,29,22,27,23,]
1589:[6,5,7,21,24,20,23,27,22,29,9,16,12,]
1590:[3,29,10,15,23,27,22,]
1591:[4,]
1592:[9,16,12,]
1593:[6,5,28,7,18,]
1594:[28,5,18,7,11,24,20,21,]
1595:[28,]
1596:[26,]
1597:[26,]
1598:[24,21,20,23,27,22,3,15,10,29,9,16,]
1599:[29,22,27,23,17,8,]
1600:[16,9,29,22,27,23,20,]
1601:[25,5,28,7,8,17,21,24,19,20,]
1602:[12,9,16,]
1603:[1,]
1604:[21,24,19,4,]
1605:[29,9,16,]
1606:[8,17,18,7,11,19,20,21,24,]
1607:[12,16,9,29,10,15,22,27,23,20,21,24,11,7,18,28,5,25,]
1608:[29,22,27,23,20,21,24,19,2,4,]
1609:[28,5,18,7,21,24,20,23,27,22,3,29,9,16,12,]
1610:[27,23,]
1611:[22,27,23,10,15,17,8,18,7,28,5,6,]
1612:[26,]
1613:[23,27,20,24,21,8,17,]
1614:[8,17,23,27,22,10,29,12,]
1615:[20,21,24,19,11,7,18,8,17,]
1616:[8,17,24,20,23,27,22,3,29,9,16,12,]
1617:[21,24,19,20,23,27,22,15,10,29,]
1618:[7,18,8,17,20,21,24,19,]
1619:[21,24,20,]
1620:[10,29,22,23,27,]
1621:[4,1,2,19,24,21,20,23,27,29,3,22,]
1622:[7,11,19,24,21,20,23,27,22,10,29,9,16,]
1623:[10,29,9,16,]
1624:[2,19,24,21,20,27,22,3,]
1625:[26,]
1626:[26,]
1627:[20,21,24,19,2,1,]
1628:[25,6,5,28,7,8,17,]
1629:[24,21,20,27,23,]
1630:[17,]
1631:[12,16,9,29,22,27,23,20,24,21,7,18,]
1632:[5,28,7,21,24,20,23,27,22,3,10,]
1633:[8,17,18,7,11,]
1634:[11,7,28,5,6,]
1635:[9,16,29,27,23,17,7,28,5,6,]
1636:[26,]
1637:[27,22,29,23,20,21,24,19,2,1,]
1638:[11,28,5,7,8,17,23,27,22,29,9,16,]
1639:[27,23,24,21,20,]
1640:[17,8,21,24,20,19,2,4,]
1641:[5,28,18,7,11,19,21,20,23,27,22,29,]
1642:[17,8,18,7,11,19,]
1643:[6,5,28,7,11,19,20,24,21,]
1644:[11,19,24,21,20,23,27,22,29,9,16,12,]
1645:[21,24,19,20,23,27,3,22,29,9,16,12,]
1646:[2,19,11,7,]
1647:[4,2,19,24,21,20,17,]
1648:[8,17,7,]
1649:[17,8,7,11,19,24,21,20,23,27,]
1650:[28,5,7,18,8,17,15,10,3,22,27,23,]
1651:[28,]
1652:[19,24,21,20,23,27,22,15,10,29,16,9,]
1653:[20,21,24,19,2,1,]
1654:[29,22,27,23,20,21,24,19,2,]
1655:[17,8,28,5,6,]
1656:[12,16,9,29,10,15,]
1657:[21,24,20,23,27,]
1658:[16,9,29,10,15,17,8,18,7,28,5,]
1659:[5,28,18,8,17,]
1660:[28,5,8,18,7,]
1661:[10,3,22,15,23,27,]
1662:[4,2,19,24,20,23,27,22,29,]
1663:[26,]
1664:[27,23,20,21,24,11,7,28,5,25,]
1665:[8,7,28,5,25,]
1666:[15,10,3,22,23,27,]
1667:[20,21,24,19,11,5,28,7,8,17,]
1668:[24,20,21,11,18,7,]
1669:[28,18,7,5,6,]
1670:[11,5,28,]
1671:[21,24,19,20,17,8,18,7,5,28,]
1672:[8,28,5,7,]
1673:[15,29,22,27,23,20,24,21,7,18,28,5,6,25,]
1674:[21,24,20,23,27,22,29,3,]
1675:[15,10,29,22,27,23,20,24,11,7,28,5,6,]
1676:[17,21,11,]
1677:[19,20,24,21,]
1678:[25,6,5,28,18,7,8,17,23,27,20,24,21,]
1679:[2,19,24,21,20,23,22,15,]
1680:[15,29,22,27,23,20,21,24,19,11,28,5,6,]
1681:[21,24,19,11,7,18,28,5,6,25,]
1682:[24,21,20,19,27,23,22,29,10,]
1683:[18,8,17,23,27,22,29,9,16,]
1684:[17,23,27,29,22,]
1685:[24,21,20,27,23,]
1686:[2,1,19,24,21,20,23,27,22,29,16,9,]
1687:[22,27,23,10,29,9,16,12,]
1688:[27,23,22,10,29,9,16,]
1689:[18,7,8,17,15,10,3,]
1690:[22,]
1691:[26,]
1692:[20,23,27,22,29,12,]
1693:[5,28,18,7,21,24,20,23,27,15,22,29,10,]
1694:[21,24,20,19,2,1,]
1695:[24,21,20,19,27,23,]
1696:[23,27,20,21,24,19,2,1,]
1697:[24,21,19,20,17,8,7,5,28,]
1698:[15,10,29,3,22,27,23,20,19,24,21,]
1699:[27,23,22,10,29,9,16,]
1700:[23,27,20,24,21,7,28,5,6,25,]
1701:[16,9,29,15,3,22,27,23,17,8,18,7,]
1702:[8,17,23,27,22,29,9,16,12,]
1703:[6,25,]
1704:[26,]
1705:[17,8,7,21,24,19,20,23,27,22,3,29,10,]
1706:[18,7,11,19,1,2,4,]
1707:[26,]
1708:[26,]
1709:[17,8,18,7,11,24,20,21,]
1710:[29,10,3,22,27,23,20,]
1711:[15,22,27,23,20,19,24,21,7,28,5,25,]
1712:[3,29,22,27,23,20,19,24,21,]
1713:[10,3,22,23,17,8,7,5,28,]
1714:[18,7,24,20,21,]
1715:[15,3,22,27,23,20,21,24,11,]
1716:[26,]
1717:[15,23,27,22,29,10,]
1718:[28,5,7,18,8,17,21,24,20,27,23,]
1719:[9,16,29,10,3,22,27,23,17,8,18,]
1720:[5,28,7,17,]
1721:[9,16,2,1,]
1722:[8,17,]
1723:[1,2,19,20,21,24,]
1724:[27,23,20,19,24,21,7,28,5,]
1725:[9,16,29,22,27,23,20,21,24,19,11,5,28,7,]
1726:[27,23,20,21,24,19,2,4,]
1727:[2,19,24,21,11,5,28,7,]
1728:[27,23,17,8,18,7,5,28,]
1729:[17,23,27,22,10,29,9,16,12,]
1730:[1,2,19,20,21,]
1731:[21,24,17,8,]
1732:[16,9,29,3,22,27,23,20,24,21,7,18,]
1733:[23,15,10,29,9,16,12,]
1734:[21,11,7,28,5,6,]
1735:[20,24,21,23,27,22,3,10,]
1736:[26,]
1737:[9,16,29,22,27,23,20,19,24,21,7,28,5,]
1738:[17,8,21,24,20,23,27,22,3,10,29,9,16,12,]
1739:[6,5,28,7,17,23,27,22,29,10,]
1740:[23,22,27,20,21,19,2,1,]
1741:[6,5,28,18,8,17,23,27,22,3,10,29,]
1742:[27,22,23,20,21,24,11,5,28,7,18,]
1743:[6,5,28,18,7,8,17,11,]
1744:[23,10,22,27,2,4,]
1745:[26,]
1746:[11,7,18,8,17,15,10,3,22,27,]
1747:[26,]
1748:[28,7,21,24,20,19,2,1,4,]
1749:[26,]
1750:[24,21,20,19,2,1,]
1751:[15,10,3,22,27,23,20,]
1752:[24,21,20,23,27,22,29,9,16,12,]
1753:[17,21,20,23,27,22,3,15,]
1754:[3,22,27,23,20,21,24,11,]
1755:[27,22,23,20,21,7,28,5,18,]
1756:[8,17,21,24,20,19,2,]
1757:[4,2,19,24,21,20,23,27,22,29,16,9,]
1758:[17,15,3,23,27,22,29,16,9,]
1759:[4,2,19,24,21,20,23,27,22,29,]
1760:[16,]
1761:[6,5,28,18,7,]
1762:[7,8,17,11,24,21,20,23,27,22,3,10,29,16,9,]
1763:[25,]
1764:[28,5,7,8,17,15,29,22,27,23,]
1765:[23,22,15,17,8,18,7,5,]
1766:[4,19,20,21,17,]
1767:[2,19,24,21,20,23,3,22,10,]
1768:[27,23,22,29,9,16,12,]
1769:[24,21,19,20,]
1770:[29,10,]
1771:[11,19,]
1772:[4,2,19,11,]
1773:[24,21,20,27,23,15,3,22,29,9,16,12,]
1774:[9,16,29,]
1775:[11,24,21,20,23,]
1776:[7,8,17,23,27,20,21,24,]
1777:[18,8,17,23,]
1778:[8,15,23,27,22,29,3,]
1779:[9,16,29,22,27,23,20,21,24,11,7,18,28,5,6,]
1780:[21,24,20,19,11,6,28,5,]
1781:[18,]
1782:[9,16,29,10,3,22,27,23,20,21,24,11,7,18,]
1783:[8,17,5,28,]
1784:[1,2,19,21,]
1785:[12,16,9,29,]
1786:[15,23,27,22,3,29,16,]
1787:[12,]
1788:[25,5,28,19,2,1,]
1789:[9,]
1790:[5,28,7,21,24,20,23,27,22,3,29,10,]
1791:[11,19,24,21,20,23,27,22,29,12,]
1792:[5,6,]
1793:[12,29,10,22,27,23,20,24,21,7,28,5,25,]
1794:[4,2,19,20,21,17,]
1795:[2,19,11,7,18,5,28,]
1796:[5,28,7,18,8,17,23,27,22,29,9,16,12,]
1797:[27,23,22,10,15,12,]
1798:[12,16,9,29,10,]
1799:[20,21,24,11,7,18,5,28,]
1800:[9,16,29,10,15,3,22,27,23,20,24,21,17,8,18,7,28,5,]
1801:[3,22,29,27,23,20,21,24,19,]
1802:[20,21,24,19,1,2,4,]
1803:[11,19,]
1804:[5,28,7,11,19,24,21,20,23,27,]
1805:[26,]
1806:[1,2,19,24,21,20,23,27,]
1807:[9,16,29,10,22,23,27,20,19,24,21,]
1808:[20,23,27,22,29,12,]
1809:[20,21,23,27,22,3,]
1810:[27,23,22,3,15,10,29,9,16,]
1811:[8,17,28,5,]
1812:[25,6,5,28,]
1813:[26,]
1814:[1,2,19,24,21,20,23,27,22,29,10,15,]
1815:[15,3,29,22,27,23,20,21,24,19,2,1,]
1816:[4,2,19,24,21,20,]
1817:[25,5,28,7,21,24,19,20,23,27,22,29,3,]
1818:[4,19,24,21,20,23,27,22,29,10,]
1819:[10,15,3,22,27,23,20,21,24,19,]
1820:[22,27,23,10,29,9,16,]
1821:[21,24,20,]
1822:[1,2,19,24,21,20,23,27,22,3,10,29,12,]
1823:[9,16,29,22,27,23,20,24,21,28,5,18,]
1824:[4,2,19,]
1825:[18,21,24,19,4,]
1826:[20,24,21,]
1827:[6,5,28,17,23,27,22,29,9,16,]
1828:[19,20,24,21,7,18,28,5,6,]
1829:[3,29,22,27,23,15,]
1830:[28,5,7,17,23,27,22,3,]
1831:[17,23,27,29,16,9,]
1832:[22,27,23,20,21,24,19,]
1833:[8,17,23,27,22,10,]
1834:[28,5,6,7,18,8,17,23,27,22,3,10,]
1835:[20,21,24,19,27,23,10,29,22,]
1836:[28,5,7,18,]
1837:[5,6,28,7,18,8,17,23,27,22,3,15,10,29,]
1838:[20,21,24,19,11,]
1839:[12,9,16,29,3,22,27,23,15,17,]
1840:[16,9,29,22,27,23,17,8,28,5,11,]
1841:[28,5,18,7,21,24,20,19,2,]
1842:[4,19,24,21,7,18,5,28,]
1843:[19,24,20,23,27,22,29,3,]
1844:[11,7,18,]
1845:[28,5,7,11,19,20,24,21,]
1846:[19,11,]
1847:[1,2,19,27,23,20,24,21,8,17,]
1848:[29,10,15,]
1849:[3,10,]
1850:[12,16,9,29,3,22,27,23,20,21,24,8,]
1851:[12,16,9,29,10,3,22,27,23,20,24,21,]
1852:[17,8,7,21,20,23,27,3,22,]
1853:[22,3,29,27,23,20,21,24,19,1,2,]
1854:[15,10,22,27,23,17,8,]
1855:[3,15,10,29,22,27,23,20,21,24,19,]
1856:[27,]
1857:[6,5,28,7,18,8,17,21,20,23,27,22,29,9,16,]
1858:[7,5,28,]
1859:[23,27,22,15,10,29,]
1860:[10,3,22,23,17,8,18,7,28,5,]
1861:[8,24,21,20,23,27,29,22,]
1862:[28,5,8,17,7,]
1863:[28,5,6,11,19,20,21,24,]
1864:[4,2,19,24,21,20,]
1865:[24,20,21,11,]
1866:[1,2,]
1867:[8,17,23,27,20,21,24,19,]
1868:[28,5,6,18,7,]
1869:[21,24,20,23,27,]
1870:[28,5,7,21,24,20,19,2,1,]
1871:[3,22,23,15,10,]
1872:[27,23,15,10,22,29,]
1873:[1,]
1874:[23,27,20,21,24,19,11,7,18,28,5,6,25,]
1875:[3,10,29,9,16,12,]
1876:[12,16,9,29,10,22,27,23,20,]
1877:[12,16,9,29,3,22,27,23,17,8,]
1878:[22,29,10,15,23,27,20,21,24,19,11,7,18,5,28,]
1879:[6,5,28,7,8,17,23,27,29,10,15,]
1880:[5,28,7,11,]
1881:[27,23,15,]
1882:[3,22,27,23,17,8,]
1883:[8,17,15,10,29,9,16,]
1884:[11,24,21,20,23,27,22,15,10,]
1885:[15,22,27,23,20,24,21,7,18,28,5,25,]
1886:[21,24,20,23,27,22,29,16,9,]
1887:[4,2,]
1888:[8,17,21,24,19,20,]
1889:[16,9,2,4,]
1890:[29,9,16,]
1891:[9,16,29,10,]
1892:[12,29,10,22,27,23,20,21,24,19,]
1893:[21,24,20,23,27,22,10,]
1894:[18,28,7,11,19,2,1,]
1895:[16,9,29,22,27,23,20,24,21,8,]
1896:[10,29,22,27,23,20,21,24,19,2,4,]
1897:[24,21,11,19,20,23,27,]
1898:[23,27,20,21,24,19,2,1,]
1899:[24,21,11,7,5,28,]
1900:[17,8,18,7,11,24,21,20,23,27,22,3,10,29,]
1901:[24,21,20,23,27,22,3,15,10,29,]
1902:[22,27,23,20,21,24,19,11,7,18,28,5,6,25,]
1903:[5,28,7,8,17,21,24,20,19,2,4,]
1904:[20,23,27,22,29,10,]
1905:[1,2,19,24,21,20,23,27,22,29,16,9,]
1906:[9,16,29,22,27,23,20,24,21,7,28,5,25,]
1907:[27,23,20,21,17,8,7,5,28,]
1908:[2,1,19,24,21,20,23,27,22,29,9,16,12,]
1909:[20,21,24,27,23,]
1910:[17,8,]
1911:[7,18,6,5,28,]
1912:[15,3,22,29,27,23,20,24,21,]
1913:[20,23,27,22,10,29,]
1914:[27,23,22,29,10,]
1915:[10,15,22,27,20,19,2,4,]
1916:[27,23,20,21,24,11,7,18,8,17,]
1917:[1,2,19,]
1918:[28,]
1919:[28,5,7,8,17,20,21,24,19,2,]
1920:[7,18,8,17,23,27,29,3,22,]
1921:[25,5,28,18,7,21,24,20,23,27,22,]
1922:[19,24,21,20,23,27,22,3,29,10,]
1923:[18,7,28,5,11,19,24,21,20,27,23,15,10,29,22,]
1924:[19,11,7,18,5,28,]
1925:[10,22,27,23,20,21,24,19,11,7,18,28,5,25,]
1926:[22,27,23,20,21,24,19,2,1,]
1927:[3,22,29,15,23,27,19,24,21,20,]
1928:[23,]
1929:[17,8,18,7,21,20,27,23,15,3,22,29,16,9,]
1930:[23,27,22,10,15,3,]
1931:[29,10,3,22,27,23,20,19,21,24,]
1932:[4,2,]
1933:[17,21,20,23,27,22,3,]
1934:[4,2,19,24,21,20,27,23,22,]
1935:[19,2,1,]
1936:[7,28,5,11,19,2,]
1937:[27,23,17,8,18,7,]
1938:[19,24,21,20,23,27,22,]
1939:[28,5,18,8,17,]
1940:[20,24,21,17,8,7,28,5,25,]
1941:[12,29,22,27,23,20,21,24,11,5,28,7,]
1942:[19,]
1943:[25,5,28,7,11,19,20,24,21,]
1944:[19,24,21,20,23,22,27,]
1945:[12,29,10,15,3,22,27,23,]
1946:[9,16,29,22,27,23,]
1947:[6,5,28,7,11,]
1948:[2,19,24,21,20,23,27,22,29,]
1949:[6,5,28,]
1950:[6,5,28,7,18,8,17,15,10,3,22,27,23,20,21,24,]
1951:[25,6,7,28,5,]
1952:[20,24,21,17,8,]
1953:[2,19,20,24,21,17,18,]
1954:[25,6,5,28,7,21,24,20,23,27,22,3,10,29,9,16,]
1955:[28,18,7,5,6,25,]
1956:[27,23,20,21,24,19,2,1,]
1957:[7,21,24,20,23,27,22,3,]
1958:[3,29,22,27,23,17,8,18,7,5,28,]
1959:[3,10,22,27,23,17,8,18,7,]
1960:[9,16,29,22,3,27,23,20,21,11,]
1961:[22,27,23,20,21,24,19,11,]
1962:[19,20,21,7,18,28,5,6,]
1963:[2,1,19,11,7,18,5,28,]
1964:[16,9,29,22,27,23,20,21,24,11,7,18,]
1965:[1,2,19,24,20,23,27,22,29,]
1966:[20,24,21,17,8,18,7,5,28,]
1967:[18,5,28,]
1968:[17,15,23,27,29,22,]
1969:[1,2,19,24,21,20,23,27,22,29,9,16,]
1970:[27,22,29,23,20,24,21,7,18,28,5,25,]
1971:[6,5,28,7,8,17,23,27,20,21,19,2,4,]
1972:[3,10,29,22,27,23,17,8,7,5,28,]
1973:[26,]
1974:[9,16,29,10,22,27,23,20,21,24,]
1975:[18,8,17,15,22,23,27,]
1976:[26,]
1977:[4,2,19,7,]
1978:[25,6,5,28,7,8,17,23,27,22,29,16,9,]
1979:[24,20,21,11,]
1980:[16,9,29,22,27,23,20,24,17,]
1981:[23,27,20,21,24,19,2,1,]
1982:[4,2,1,19,11,7,18,]
1983:[12,16,9,29,22,27,23,15,]
1984:[5,28,18,7,11,19,24,21,20,23,27,22,3,15,10,29,9,16,]
1985:[19,24,21,20,23,27,22,15,]
1986:[9,29,22,27,23,20,24,21,7,18,]
1987:[7,19,24,21,20,27,23,]
1988:[11,19,20,21,24,]
1989:[15,22,27,23,20,21,24,19,2,]
1990:[17,21,24,19,20,27,23,]
1991:[9,16,29,10,3,22,27,23,24,21,20,]
1992:[12,16,9,29,22,27,23,]
1993:[10,29,3,22,27,23,20,21,24,19,11,7,28,5,6,]
1994:[20,21,24,19,27,23,]
1995:[8,17,23,27,22,3,29,16,9,]
1996:[29,22,27,23,20,19,24,21,7,18,28,5,6,]
1997:[22,3,27,23,17,8,28,5,]
1998:[28,5,7,17,8,]
1999:[7,5,28,18,8,17,23,27,22,29,12,]
2000:[28,5,18,7,11,19,20,21,24,]
2001:[1,2,19,24,21,20,]
2002:[9,16,29,22,27,23,17,]
2003:[24,21,20,19,]
2004:[3,15,10,29,22,27,23,17,8,18,7,28,5,]
2005:[18,8,17,23,22,15,]
2006:[12,9,16,29,22,10,15,23,27,24,21,20,]
2007:[28,5,6,7,8,17,23,27,22,3,29,]
2008:[19,1,2,]
2009:[25,5,11,19,2,1,]
2010:[28,5,18,7,11,19,24,21,20,23,27,22,3,10,29,12,]
2011:[9,16,29,22,27,23,17,8,7,28,5,]
2012:[28,5,7,8,17,23,27,22,29,3,]
2013:[4,19,11,7,]
2014:[20,21,24,19,1,2,]
2015:[18,]
2016:[7,11,19,]
2017:[19,11,]
2018:[17,8,18,]
2019:[10,15,22,27,23,20,21,24,19,]
2020:[21,24,20,23,27,22,3,15,10,29,]
2021:[23,27,22,29,10,15,17,8,7,18,]
2022:[11,19,2,]
2023:[17,8,18,7,]
2024:[24,21,20,8,17,]
2025:[8,17,7,18,]
2026:[3,]
2027:[9,16,29,]
2028:[20,21,24,27,23,]
2029:[17,8,18,7,28,5,11,24,21,20,27,23,]
2030:[5,28,18,7,11,19,24,20,23,27,22,29,]
2031:[19,20,21,24,]
2032:[1,2,19,21,7,5,28,]
2033:[23,27,20,21,11,7,18,6,5,28,]
2034:[9,16,29,10,3,22,23,27,]
2035:[19,24,21,20,23,27,22,3,10,29,16,9,]
2036:[23,27,]
2037:[21,20,8,17,]
2038:[12,16,9,29,10,22,27,23,]
2039:[6,5,28,21,24,20,23,27,22,29,12,]
2040:[6,5,28,19,2,]
2041:[5,28,7,19,24,21,20,23,]
2042:[28,5,18,7,]
2043:[11,]
2044:[21,20,23,22,3,10,29,9,16,12,]
2045:[4,2,19,24,21,11,7,18,28,5,]
2046:[4,2,]
2047:[25,5,28,18,7,11,19,20,24,21,]
2048:[11,7,5,28,]
2049:[5,28,7,8,17,11,]
2050:[29,9,16,]
2051:[29,27,23,20,19,4,]
2052:[21,24,19,20,27,23,17,8,]
2053:[29,10,22,3,27,23,17,8,]
2054:[28,5,6,7,8,17,23,27,20,21,24,19,11,]
2055:[1,2,19,24,21,20,23,27,]
2056:[10,29,3,22,27,23,]
2057:[4,1,2,19,11,]
2058:[2,19,24,21,11,]
2059:[16,9,]
2060:[4,2,19,7,18,]
2061:[26,]
2062:[28,5,7,19,20,24,21,]
2063:[6,5,28,7,8,17,23,27,22,29,16,9,]
2064:[5,28,18,7,19,]
2065:[17,8,18,7,11,24,21,20,23,27,]
2066:[18,7,21,24,19,2,]
2067:[5,28,7,18,8,17,15,10,29,3,22,27,23,20,24,21,]
2068:[1,2,19,24,21,20,23,27,22,10,29,16,9,]
2069:[22,3,27,23,15,10,]
2070:[5,28,7,11,24,21,20,23,27,22,10,]
2071:[23,27,20,21,24,19,11,5,28,7,18,]
2072:[25,5,28,18,7,11,19,24,21,20,27,23,]
2073:[29,22,23,27,]
2074:[19,24,21,20,23,27,22,3,10,15,]
2075:[10,22,27,23,17,8,28,5,]
2076:[12,9,16,]
2077:[17,8,7,11,19,]
2078:[21,24,20,19,2,]
2079:[5,28,7,11,19,2,1,]
2080:[24,21,20,19,1,2,4,]
2081:[29,10,22,23,27,]
2082:[15,22,27,23,20,21,24,19,11,7,18,28,5,]
2083:[21,24,20,23,27,22,3,29,9,16,12,]
2084:[29,10,22,27,23,17,8,]
2085:[4,2,19,]
2086:[22,10,29,27,23,17,8,7,28,5,25,]
2087:[26,]
2088:[25,6,5,28,7,18,8,17,15,10,3,22,23,27,]
2089:[25,6,5,28,18,7,11,19,24,21,20,23,27,3,22,15,10,]
2090:[9,16,29,22,27,23,15,3,]
2091:[4,2,19,24,21,20,17,8,]
2092:[22,27,23,17,8,18,7,28,5,6,25,]
2093:[22,27,23,15,10,29,9,16,12,]
2094:[22,27,23,20,21,24,19,11,7,18,]
2095:[9,16,12,]
2096:[29,22,27,17,8,]
2097:[25,6,5,28,7,18,8,17,23,20,24,21,11,]
2098:[8,17,23,27,29,10,]
2099:[4,]
2100:[28,7,18,5,6,]
2101:[4,2,19,28,5,25,]
2102:[11,24,19,4,]
2103:[23,27,22,29,10,15,3,]
2104:[18,17,21,24,19,1,2,]
2105:[8,18,7,28,5,6,25,]
2106:[16,9,29,10,]
2107:[19,24,21,20,23,27,22,29,10,]
2108:[26,]
2109:[22,3,29,27,23,20,21,24,19,]
2110:[11,19,24,21,20,23,27,22,29,10,15,3,]
2111:[9,16,29,10,15,3,22,27,23,20,21,24,11,7,18,28,5,]
2112:[1,2,19,24,21,20,23,27,22,3,29,10,]
2113:[17,21,24,19,2,]
2114:[11,24,21,20,23,27,22,3,10,29,9,16,12,]
2115:[11,19,24,21,20,23,27,22,10,29,16,9,]
2116:[28,5,18,]
2117:[2,19,24,21,20,23,27,22,3,]
2118:[6,5,28,7,21,24,19,2,1,]
2119:[23,27,22,29,3,]
2120:[25,5,28,7,17,]
2121:[7,18,8,17,21,20,24,19,2,1,]
2122:[6,5,28,18,7,11,19,24,21,20,23,27,22,3,15,]
2123:[8,17,21,20,19,2,4,]
2124:[17,8,18,7,28,6,5,]
2125:[28,5,7,21,24,20,23,27,22,29,9,16,12,]
2126:[9,16,29,10,22,27,23,20,21,24,19,2,1,]
2127:[18,8,17,23,27,22,]
2128:[16,9,29,22,27,23,15,10,]
2129:[21,24,]
2130:[5,28,8,17,20,21,24,19,]
2131:[3,29,22,27,23,20,21,24,19,2,1,]
2132:[7,]
2133:[10,22,27,20,24,21,7,]
2134:[1,2,19,24,21,20,23,27,22,29,3,]
2135:[15,3,29,22,27,23,20,21,24,11,]
2136:[17,23,27,22,29,9,16,12,]
2137:[8,17,15,10,29,9,16,]
2138:[18,28,5,11,19,24,21,20,23,27,22,29,3,]
2139:[16,9,12,]
2140:[8,]
2141:[16,9,29,22,23,27,]
2142:[9,16,29,22,27,23,17,8,7,28,5,]
2143:[8,17,23,27,22,29,9,16,]
2144:[16,9,29,10,22,27,23,20,21,24,19,11,]
2145:[26,]
2146:[8,17,23,27,22,10,29,16,9,]
2147:[29,10,3,22,27,23,20,21,24,19,11,7,]
2148:[20,19,24,21,]
2149:[17,11,]
2150:[24,21,20,19,]
2151:[2,19,20,24,21,]
2152:[4,2,19,20,24,21,7,18,]
2153:[26,]
2154:[23,22,27,20,24,21,7,18,]
2155:[19,24,21,7,28,5,]
2156:[23,27,22,29,9,16,12,]
2157:[12,9,29,10,]
2158:[9,16,29,22,27,23,20,21,24,19,]
2159:[29,22,27,23,17,18,]
2160:[16,9,2,]
2161:[6,5,28,7,18,8,17,15,23,27,22,29,9,16,]
2162:[26,]
2163:[28,5,7,17,8,]
2164:[3,10,22,23,20,21,24,]
2165:[6,5,28,11,]
2166:[25,6,5,28,7,11,19,2,]
2167:[24,21,20,19,27,23,15,]
2168:[7,24,19,2,4,]
2169:[3,22,27,23,17,8,7,]
2170:[19,24,21,20,23,27,22,29,9,16,]
2171:[5,28,7,21,24,20,19,]
2172:[22,27,23,20,17,8,]
2173:[17,23,27,22,29,10,]
2174:[8,17,24,19,4,]
2175:[18,7,11,]
2176:[26,]
2177:[17,23,27,29,9,16,12,]
2178:[18,7,5,28,]
2179:[22,3,27,23,20,21,24,19,7,28,5,6,25,]
2180:[17,23,27,22,3,10,29,16,9,]
2181:[25,6,5,28,7,18,8,]
2182:[20,21,24,19,27,23,17,8,18,7,28,5,]
2183:[17,18,7,28,5,25,]
2184:[28,]
2185:[1,2,19,24,21,20,23,22,27,]
2186:[12,16,9,2,1,]
2187:[20,21,24,]
2188:[8,17,7,5,28,]
2189:[27,23,20,21,24,19,11,]
2190:[15,10,29,3,22,27,23,20,21,24,19,]
2191:[21,24,20,27,22,23,]
2192:[4,2,9,16,12,]
2193:[21,24,20,17,8,7,28,5,25,]
2194:[9,16,29,15,22,27,23,20,21,11,7,18,]
2195:[23,27,22,29,3,15,]
2196:[20,23,27,]
2197:[21,24,19,11,28,5,6,25,]
2198:[23,27,22,]
2199:[8,17,15,23,27,22,3,]
2200:[26,]
2201:[19,24,21,]
2202:[7,18,28,5,6,11,21,20,23,27,22,3,15,10,29,16,9,]
2203:[16,9,29,10,23,27,22,]
2204:[21,24,20,27,23,]
2205:[9,16,29,10,3,22,27,23,20,24,21,8,17,]
2206:[28,5,7,18,]
2207:[8,17,23,27,22,29,3,]
2208:[3,10,29,9,16,12,]
2209:[16,9,29,10,22,27,23,20,19,24,21,]
2210:[28,5,18,7,11,19,2,]
2211:[22,3,29,27,23,17,8,7,28,5,6,]
2212:[12,16,9,]
2213:[24,21,20,27,23,15,10,22,3,]
2214:[17,21,24,20,19,2,]
2215:[9,16,2,4,]
2216:[1,2,19,24,20,23,27,22,29,10,]
2217:[22,10,27,23,20,21,24,19,2,4,]
2218:[29,10,22,27,23,20,]
2219:[6,5,28,21,24,20,23,27,22,29,9,16,]
2220:[28,5,18,7,11,19,24,21,20,23,27,]
2221:[20,21,24,19,11,7,28,5,6,25,]
2222:[20,23,3,22,27,]
2223:[21,24,20,23,27,22,15,3,]
2224:[8,17,18,]
2225:[25,6,5,28,7,11,24,21,20,]
2226:[2,19,24,21,20,23,27,22,]
2227:[18,7,]
2228:[7,21,24,19,20,23,27,22,29,3,15,]
2229:[11,]
2230:[16,9,29,22,27,23,20,24,21,]
2231:[3,22,23,15,17,8,18,7,5,28,]
2232:[7,11,19,2,4,]
2233:[28,5,8,17,21,24,20,19,]
2234:[6,5,28,7,8,17,23,27,22,]
2235:[16,9,29,10,]
2236:[16,9,29,10,15,3,22,27,23,17,8,18,]
2237:[16,9,2,]
2238:[22,29,27,23,20,24,21,]
2239:[10,3,23,27,22,]
2240:[5,28,6,]
2241:[4,]
2242:[3,15,10,29,12,]
2243:[1,2,19,24,21,7,18,]
2244:[28,5,7,24,21,19,2,1,]
2245:[3,22,23,27,]
2246:[4,2,19,24,21,20,17,8,]
2247:[21,24,19,2,4,]
2248:[11,21,20,23,27,22,3,10,15,]
2249:[24,21,20,23,27,22,29,16,9,12,]
2250:[12,16,9,29,22,27,23,17,8,]
2251:[24,21,20,23,27,22,3,10,15,17,8,7,28,6,5,]
2252:[24,21,19,20,23,27,22,29,9,16,]
2253:[9,16,29,10,15,17,8,]
2254:[26,]
2255:[19,11,7,18,28,5,6,]
2256:[5,28,7,18,8,17,15,23,27,22,]
2257:[15,10,22,27,23,20,21,24,19,4,]
2258:[21,24,20,23,15,22,27,]
2259:[25,6,5,28,18,7,21,24,20,23,27,29,3,22,]
2260:[28,5,6,7,18,8,17,23,27,22,]
2261:[16,9,]
2262:[7,28,8,17,23,27,22,]
2263:[26,]
2264:[27,23,20,24,21,7,]
2265:[9,16,29,22,27,23,20,19,24,21,]
2266:[19,20,24,21,8,17,]
2267:[16,9,29,22,27,23,20,21,24,11,7,]
2268:[9,16,29,10,15,3,22,27,23,20,21,24,11,7,18,28,5,6,25,]
2269:[4,2,9,16,12,]
2270:[10,3,22,27,23,20,21,24,19,11,]
2271:[29,22,15,10,27,23,]
2272:[4,2,19,24,21,20,27,23,17,8,7,]
2273:[17,8,18,7,28,5,6,]
2274:[20,24,21,7,18,8,17,]
2275:[12,9,16,29,22,27,23,20,21,24,28,]
2276:[25,6,5,28,]
2277:[9,16,29,22,15,27,23,]
2278:[15,22,27,23,20,24,21,7,28,5,25,]
2279:[27,23,15,3,22,29,10,]
2280:[4,2,19,24,21,20,23,27,22,3,]
2281:[25,6,5,28,7,21,24,20,27,22,3,]
2282:[15,3,10,29,22,27,23,17,8,7,28,5,6,]
2283:[23,27,20,21,24,19,]
2284:[21,24,20,19,11,]
2285:[27,22,23,20,21,24,11,]
2286:[4,19,24,21,20,27,22,29,9,16,12,]
2287:[8,18,]
2288:[17,21,24,20,]
2289:[21,24,19,20,23,27,22,29,15,17,8,]
2290:[25,6,5,28,18,7,]
2291:[25,4,]
2292:[9,16,29,22,27,23,15,]
2293:[20,21,24,19,11,]
2294:[15,23,27,22,29,9,16,]
2295:[15,23,27,22,29,9,16,12,]
2296:[28,5,7,21,24,20,19,]
2297:[12,29,22,27,23,20,24,21,19,]
2298:[20,21,24,23,27,22,10,]
2299:[9,16,29,10,15,]
2300:[28,7,18,8,17,23,27,22,29,10,]
2301:[1,2,19,24,21,20,27,22,29,23,]
2302:[5,28,7,]
2303:[21,24,19,2,1,4,]
2304:[29,10,3,22,27,23,20,21,24,19,11,]
2305:[5,28,6,25,]
2306:[24,20,21,11,]
2307:[3,15,22,27,23,24,21,20,]
2308:[10,29,22,3,15,23,27,19,24,21,20,]
2309:[2,1,19,11,7,18,5,28,]
2310:[1,2,19,11,18,7,]
2311:[20,21,24,23,27,22,10,29,16,9,]
2312:[10,29,22,27,23,3,]
2313:[19,21,20,17,7,5,28,]
2314:[21,24,19,]
2315:[4,]
2316:[8,17,23,27,22,3,]
2317:[24,21,20,23,27,22,]
2318:[10,29,]
2319:[20,23,27,22,29,15,]
2320:[1,2,19,11,]
2321:[24,21,20,23,22,3,15,10,]
2322:[7,11,19,20,21,24,]
2323:[3,10,29,22,27,23,20,21,24,19,2,1,]
2324:[3,10,29,22,27,23,20,21,24,11,19,]
2325:[18,7,11,19,24,21,20,23,27,22,29,9,16,]
2326:[28,5,11,19,24,21,20,23,27,22,29,3,]
2327:[7,]
2328:[6,25,]
2329:[3,10,29,]
2330:[22,3,29,10,15,23,27,20,21,24,19,]
2331:[2,19,24,21,20,23,22,27,]
2332:[25,6,5,28,7,8,17,23,27,3,29,22,]
2333:[12,9,16,29,]
2334:[23,27,20,24,21,]
2335:[8,17,23,27,]
2336:[27,23,17,8,18,7,28,5,6,25,]
2337:[7,18,5,28,]
2338:[26,]
2339:[26,]
2340:[6,5,28,18,7,11,19,1,2,]
2341:[23,27,19,20,21,24,]
2342:[24,21,20,23,27,22,29,16,12,]
2343:[11,19,24,21,20,]
2344:[2,1,19,24,21,20,23,27,22,29,12,]
2345:[29,22,27,23,17,8,]
2346:[22,29,10,27,23,20,21,24,19,11,7,28,5,6,]
2347:[17,15,23,27,22,29,]
2348:[16,9,2,]
2349:[1,2,19,24,20,]
2350:[18,7,28,5,11,19,2,1,]
2351:[3,10,29,22,27,23,20,21,24,19,11,7,18,28,5,]
2352:[12,16,9,]
2353:[18,7,17,8,]
2354:[11,24,19,2,1,]
2355:[4,2,19,24,21,20,23,27,3,22,]
2356:[3,23,27,22,10,29,9,16,12,]
2357:[4,2,19,24,20,23,27,29,16,9,]
2358:[11,24,21,20,23,27,22,29,12,16,9,]
2359:[4,2,19,24,21,20,23,3,22,29,]
2360:[24,21,19,20,23,27,22,29,]
2361:[27,23,]
2362:[22,27,23,24,19,2,1,]
2363:[20,19,24,21,17,28,5,25,]
2364:[22,29,27,23,20,21,24,19,1,2,]
2365:[15,10,22,27,23,20,21,24,19,2,]
2366:[12,16,9,29,3,22,27,23,20,21,24,19,]
2367:[15,22,27,23,17,8,18,5,28,7,]
2368:[22,3,23,27,]
2369:[19,24,21,20,27,]
2370:[12,16,9,29,22,27,23,20,24,19,]
2371:[27,23,3,22,29,9,16,]
2372:[11,19,24,21,20,]
2373:[22,15,27,23,20,24,21,7,18,]
2374:[5,28,7,11,19,21,20,23,27,22,29,9,16,]
2375:[24,21,20,23,27,22,10,]
2376:[12,16,9,29,22,27,23,20,21,24,19,11,7,]
2377:[23,22,27,20,21,24,19,2,4,]
2378:[20,21,24,19,27,23,17,]
2379:[27,22,23,20,24,21,]
2380:[18,28,5,7,21,20,23,22,15,10,]
2381:[29,22,27,23,20,21,24,19,]
2382:[3,10,22,27,23,20,24,21,17,8,18,28,5,6,25,]
2383:[22,10,29,27,23,20,21,24,19,2,1,4,]
2384:[10,29,9,16,]
2385:[8,17,15,10,29,16,9,12,]
2386:[21,24,]
2387:[23,27,19,24,21,20,]
2388:[23,27,22,29,10,15,17,8,]
2389:[17,15,22,27,23,20,21,24,19,2,4,]
2390:[21,20,19,2,1,]
2391:[18,7,21,24,20,23,27,]
2392:[10,29,22,27,23,20,21,24,19,2,4,]
2393:[8,17,23,27,22,29,9,16,]
2394:[1,2,19,20,24,21,7,18,]
2395:[21,24,20,19,11,7,18,28,5,6,]
2396:[17,23,22,27,]
2397:[29,10,3,22,27,20,21,24,19,2,1,]
2398:[2,19,21,20,23,27,]
2399:[8,17,15,23,27,22,29,16,9,12,]
2400:[25,6,5,28,7,21,24,20,19,]
2401:[8,]
2402:[5,28,18,7,11,19,2,1,]
2403:[12,16,9,2,]
2404:[3,10,]
2405:[9,16,29,10,3,22,27,23,20,]
2406:[5,28,7,18,17,8,]
2407:[12,16,9,29,22,27,23,15,17,]
2408:[16,9,29,10,22,27,23,20,21,24,19,]
2409:[7,11,24,21,20,27,23,22,29,9,16,12,]
2410:[19,11,7,28,5,6,]
2411:[24,21,20,23,27,]
2412:[5,28,6,]
2413:[24,21,20,23,27,22,29,10,]
2414:[11,19,20,21,]
2415:[24,21,20,17,8,7,18,]
2416:[2,1,19,24,21,20,27,23,15,17,8,]
2417:[7,24,21,20,19,4,2,1,]
2418:[7,28,5,6,25,]
2419:[5,28,7,21,24,19,4,2,1,]
2420:[18,8,17,23,27,22,29,10,15,]
2421:[4,19,11,7,5,28,]
2422:[18,7,8,17,15,10,3,22,27,23,20,24,21,]
2423:[23,27,22,3,10,29,9,16,12,]
2424:[23,27,21,24,20,]
2425:[25,2,4,]
2426:[24,21,19,20,23,27,22,29,10,]
2427:[8,17,18,]
2428:[28,5,7,17,8,18,]
2429:[25,6,5,28,18,7,11,24,21,20,23,27,22,3,10,15,]
2430:[9,16,29,10,22,27,23,20,21,24,]
2431:[9,16,29,27,23,3,]
2432:[12,29,22,27,23,17,8,]
2433:[17,8,7,28,5,6,25,]
2434:[9,16,29,22,27,23,20,21,7,28,5,18,]
2435:[7,28,5,11,19,2,4,]
2436:[17,21,20,23,27,22,29,9,16,12,]
2437:[19,]
2438:[10,3,22,27,20,24,21,7,18,28,5,6,]
2439:[12,9,16,29,10,15,22,27,23,20,21,24,19,]
2440:[17,8,18,7,28,5,11,19,24,21,20,]
2441:[10,29,22,27,23,20,21,24,19,11,7,5,28,]
2442:[6,28,5,]
2443:[26,]
2444:[23,20,24,17,8,]
2445:[7,18,28,5,6,25,]
2446:[19,24,21,20,23,27,22,3,]
2447:[10,29,22,27,23,17,]
2448:[22,27,23,15,3,29,9,16,]
2449:[21,24,20,19,2,1,]
2450:[2,]
2451:[7,18,5,28,]
2452:[18,28,5,6,]
2453:[6,5,28,7,18,8,17,]
2454:[23,27,22,29,15,]
2455:[8,17,21,24,20,19,4,]
2456:[24,21,19,20,23,27,22,29,3,]
2457:[15,23,27,22,29,]
2458:[8,17,11,]
2459:[22,29,16,9,]
2460:[15,10,29,22,27,23,]
2461:[8,17,23,15,10,22,]
2462:[15,22,27,23,20,19,2,4,]
2463:[10,15,3,22,27,23,20,21,24,11,]
2464:[21,20,19,2,4,]
2465:[10,3,22,27,23,17,8,7,11,]
2466:[9,16,29,22,27,23,17,7,5,28,]
2467:[4,2,]
2468:[19,11,24,21,20,23,27,22,10,29,9,16,]
2469:[20,23,27,22,29,10,15,]
2470:[1,2,19,24,21,20,27,23,]
2471:[16,9,12,]
2472:[15,29,22,27,23,20,19,21,24,18,5,28,]
2473:[5,28,7,21,24,20,23,27,22,3,29,16,9,]
2474:[25,6,28,5,]
2475:[27,23,3,22,29,10,15,]
2476:[10,15,3,22,27,23,21,24,20,]
2477:[29,22,27,23,3,]
2478:[16,9,29,10,]
2479:[5,28,7,8,17,23,27,22,29,]
2480:[22,29,27,23,10,15,]
2481:[15,23,27,29,16,9,12,]
2482:[25,6,5,28,18,7,]
2483:[26,]
2484:[23,27,20,21,24,19,2,1,]
2485:[27,23,24,21,20,]
2486:[20,21,23,3,22,10,29,16,9,]
2487:[28,5,18,7,21,24,19,20,23,27,]
2488:[29,10,15,3,22,27,23,20,21,24,]
2489:[7,8,17,23,27,22,29,3,]
2490:[21,24,20,19,11,]
2491:[2,19,24,21,20,23,27,29,22,]
2492:[3,22,27,23,17,8,7,28,5,25,]
2493:[19,24,21,20,23,27,22,29,10,3,]
2494:[9,16,29,10,22,3,27,23,]
2495:[27,23,19,1,2,]
2496:[18,7,11,19,24,21,20,23,27,29,3,22,]
2497:[3,22,27,23,20,24,21,7,18,28,5,6,]
2498:[12,16,9,2,]
2499:[12,9,16,]
2500:[15,10,29,3,22,27,23,20,24,21,7,28,6,25,]
2501:[23,27,22,29,9,16,12,]
2502:[7,11,21,20,23,27,22,3,]
2503:[21,24,19,]
2504:[22,10,15,17,8,18,7,]
2505:[19,24,21,20,23,27,22,15,29,]
2506:[26,]
2507:[27,23,22,29,]
2508:[21,24,20,23,27,22,3,10,29,12,16,9,]
2509:[5,28,6,25,]
2510:[6,5,21,24,19,2,1,]
2511:[23,27,20,21,24,19,11,7,18,]
2512:[22,10,29,27,23,20,21,24,]
2513:[24,21,20,]
2514:[19,24,21,20,23,27,22,10,15,3,]
2515:[12,16,9,29,22,27,23,20,21,24,19,2,1,]
2516:[11,7,5,28,]
2517:[4,]
2518:[24,]
2519:[21,24,20,19,2,4,]
2520:[5,7,24,19,2,1,]
2521:[11,19,24,21,20,23,27,22,29,3,]
2522:[1,2,19,24,21,20,23,27,]
2523:[4,2,19,]
2524:[3,15,10,22,27,23,20,21,24,19,]
2525:[3,]
2526:[21,24,]
2527:[2,1,]
2528:[23,27,20,21,24,19,2,1,]
2529:[5,28,7,8,17,18,]
2530:[10,3,22,27,23,17,8,18,]
2531:[23,27,22,15,17,8,]
2532:[8,17,7,28,5,6,]
2533:[19,20,24,21,17,8,7,28,5,]
2534:[10,]
2535:[1,2,4,]
2536:[25,6,5,28,18,7,21,24,20,23,27,29,3,22,]
2537:[12,16,9,29,22,27,23,17,]
2538:[8,17,23,27,29,22,]
2539:[23,20,21,24,19,11,28,5,7,]
2540:[9,16,12,]
2541:[3,22,27,23,20,21,24,]
2542:[1,2,19,24,21,20,23,27,22,3,29,]
2543:[22,27,23,15,10,29,3,]
2544:[12,9,16,]
2545:[20,24,21,7,18,]
2546:[25,5,28,7,21,24,20,27,22,23,]
2547:[17,8,18,7,11,19,4,2,1,]
2548:[6,5,28,]
2549:[24,21,20,23,27,22,3,15,10,29,12,]
2550:[1,2,19,24,21,20,23,27,22,29,16,9,]
2551:[6,5,28,7,18,8,17,23,27,22,]
2552:[9,16,]
2553:[26,]
2554:[5,]
2555:[11,21,20,27,]
2556:[1,2,19,20,21,24,]
2557:[29,22,3,15,23,27,]
2558:[20,21,24,23,27,]
2559:[19,20,21,24,27,23,]
2560:[3,15,10,22,27,23,20,21,24,19,]
2561:[24,19,20,21,]
2562:[6,5,7,11,21,24,20,23,27,22,29,9,16,]
2563:[18,7,11,19,]
2564:[25,5,28,7,24,20,21,]
2565:[3,29,22,27,23,20,]
2566:[8,18,7,28,5,6,25,]
2567:[3,10,29,22,27,23,20,21,24,19,11,5,28,]
2568:[8,18,7,19,24,21,]
2569:[19,11,]
2570:[18,7,]
2571:[19,24,21,20,23,27,22,29,9,16,12,]
2572:[11,19,24,21,20,23,27,]
2573:[9,16,29,22,27,23,]
2574:[3,10,29,22,27,23,20,21,24,19,2,]
2575:[4,2,19,24,21,20,23,27,22,3,]
2576:[11,7,18,]
2577:[19,11,7,28,5,18,]
2578:[15,22,27,23,20,24,21,7,18,5,28,]
2579:[22,3,27,23,20,21,]
2580:[11,7,]
2581:[19,24,21,20,27,23,]
2582:[9,16,29,22,3,15,23,27,20,21,24,19,]
2583:[23,27,20,21,24,]
2584:[18,7,11,24,21,20,27,23,]
2585:[9,16,29,22,27,23,20,21,11,5,28,7,8,17,]
2586:[11,19,24,21,20,]
2587:[16,9,29,22,27,23,20,21,24,19,2,4,]
2588:[19,24,21,20,23,27,22,3,10,15,17,8,18,7,28,5,]
2589:[16,9,29,10,15,22,27,23,20,24,21,]
2590:[21,24,20,7,18,28,5,]
2591:[24,21,20,27,23,17,8,18,7,28,5,6,]
2592:[22,29,27,23,20,]
2593:[21,24,20,19,2,1,]
2594:[21,20,23,27,22,3,10,15,17,8,18,7,28,5,6,]
2595:[20,21,24,27,23,]
2596:[9,16,29,3,22,27,23,15,17,8,]
2597:[16,]
2598:[10,29,22,27,23,17,]
2599:[10,15,3,22,27,23,20,]
2600:[11,5,7,8,17,23,27,22,29,16,9,]
2601:[20,21,24,11,7,18,28,5,25,]
2602:[19,24,21,20,23,27,22,3,10,29,]
2603:[6,5,28,7,17,8,]
2604:[8,17,23,27,22,3,]
2605:[8,17,23,22,3,]
2606:[6,5,28,18,7,21,24,19,2,1,4,]
2607:[22,10,3,27,23,21,20,]
2608:[16,9,29,15,23,22,3,]
2609:[2,19,7,18,]
2610:[19,20,27,23,]
2611:[18,17,8,]
2612:[21,24,20,23,27,22,29,10,15,]
2613:[19,24,21,20,23,27,22,29,15,10,]
2614:[11,24,21,20,23,27,22,3,29,15,]
2615:[17,23,27,22,29,9,16,]
2616:[26,]
2617:[10,15,23,27,22,29,16,9,12,]
2618:[7,28,5,19,24,21,20,23,27,22,29,16,9,]
2619:[15,3,29,22,27,23,20,21,24,19,1,2,]
2620:[10,29,27,23,22,]
2621:[2,19,24,20,23,27,22,29,16,9,]
2622:[6,5,28,7,11,19,24,21,20,23,27,22,29,10,]
2623:[3,]
2624:[19,24,21,20,17,8,]
2625:[1,2,16,9,]
2626:[7,28,5,]
2627:[19,20,21,24,]
2628:[17,23,27,22,29,3,]
2629:[19,11,7,28,5,25,]
2630:[28,5,6,7,18,8,17,15,10,29,16,9,]
2631:[4,2,1,]
2632:[16,9,29,22,27,23,20,21,24,11,7,18,28,5,]
2633:[20,24,21,23,27,22,]
2634:[27,23,20,21,24,]
2635:[22,29,16,9,]
2636:[20,21,24,19,27,23,15,]
2637:[19,1,2,]
2638:[27,23,3,22,29,10,15,]
2639:[29,22,23,27,20,21,24,19,11,]
2640:[10,22,27,23,17,]
2641:[3,29,22,27,23,20,24,19,2,4,]
2642:[5,]
2643:[27,3,22,29,10,15,23,]
2644:[27,23,20,21,24,19,]
2645:[24,21,20,19,11,7,18,5,28,]
2646:[21,20,24,8,17,]
2647:[2,19,20,21,24,]
2648:[4,2,1,19,24,21,20,23,27,22,29,10,]
2649:[12,16,9,29,10,3,22,27,23,20,24,21,7,]
2650:[18,8,17,23,27,22,10,29,]
2651:[5,28,]
2652:[26,]
2653:[18,5,28,7,11,19,24,21,20,23,27,22,29,10,15,]
2654:[19,24,21,20,27,23,]
2655:[25,6,5,28,]
2656:[25,6,5,28,21,24,20,23,27,22,29,9,16,12,]
2657:[25,6,5,28,7,11,19,]
2658:[28,5,7,18,8,17,23,27,20,24,19,]
2659:[11,19,21,24,20,27,23,29,10,22,]
2660:[19,21,20,23,27,22,15,10,]
2661:[17,8,]
2662:[24,21,20,23,27,22,10,29,]
2663:[19,21,20,23,27,22,10,3,]
2664:[18,7,8,17,15,10,3,22,27,23,20,21,24,19,]
2665:[8,17,15,10,29,22,27,23,]
2666:[4,2,19,24,21,20,23,27,29,3,22,]
2667:[23,27,22,10,17,8,7,28,5,25,]
2668:[6,25,]
2669:[2,19,24,21,20,27,22,10,29,12,]
2670:[26,]
2671:[28,5,18,7,11,19,24,21,20,]
2672:[26,]
2673:[27,]
2674:[6,5,28,7,17,23,27,22,3,29,]
2675:[28,5,7,18,8,]
2676:[24,21,19,20,23,27,]
2677:[2,19,11,6,]
2678:[12,9,29,22,27,23,]
2679:[9,16,29,10,22,27,23,20,24,21,7,28,5,18,]
2680:[22,29,10,15,27,23,17,]
2681:[3,29,22,27,23,20,19,24,21,8,17,]
2682:[5,28,6,11,7,18,17,8,]
2683:[25,6,5,28,18,7,11,]
2684:[7,18,8,17,15,23,27,22,3,]
2685:[5,28,6,25,]
2686:[2,19,11,7,18,28,5,25,]
2687:[4,1,2,19,24,21,20,23,27,22,29,10,]
2688:[4,2,11,7,28,5,6,]
2689:[8,17,]
2690:[4,2,19,24,21,20,23,27,22,29,3,]
2691:[11,7,28,5,]
2692:[7,11,19,24,21,20,23,27,22,29,10,15,]
2693:[8,17,18,7,11,6,5,28,]
2694:[18,8,17,11,]
2695:[27,23,17,8,]
2696:[19,24,21,20,27,23,]
2697:[7,18,8,17,23,27,22,29,]
2698:[24,21,20,23,27,22,10,29,]
2699:[5,28,7,21,24,20,23,27,22,3,29,9,12,]
2700:[19,11,7,18,28,5,]
2701:[26,]
2702:[6,5,28,18,7,11,19,24,21,20,23,27,22,15,10,29,]
2703:[1,2,19,11,7,5,28,]
2704:[7,28,5,19,2,]
2705:[22,29,3,15,23,27,20,21,24,19,1,2,]
2706:[23,27,20,21,24,19,2,4,]
2707:[8,18,7,11,24,21,20,23,27,22,29,]
2708:[21,24,19,2,1,]
2709:[19,24,21,17,8,]
2710:[21,24,20,19,11,7,5,28,]
2711:[11,24,21,20,23,27,22,3,10,]
2712:[25,6,5,28,7,18,]
2713:[10,29,22,23,27,19,20,21,24,]
2714:[21,24,19,2,1,4,]
2715:[17,8,7,11,19,1,2,]
2716:[5,28,7,18,8,17,23,27,22,29,9,16,]
2717:[9,16,]
2718:[27,23,17,8,18,7,28,5,]
2719:[6,5,28,8,17,20,23,27,]
2720:[25,2,4,]
2721:[9,16,29,22,27,23,20,21,24,19,4,]
2722:[18,8,17,21,24,19,20,]
2723:[17,8,7,18,]
2724:[5,28,7,6,]
2725:[12,16,9,29,10,3,22,27,23,20,21,24,11,7,18,28,5,6,25,]
2726:[16,9,12,]
2727:[22,10,15,23,27,20,21,24,11,7,18,28,5,6,]
2728:[17,8,21,24,20,]
2729:[7,8,18,28,5,6,]
2730:[22,3,29,27,23,20,21,24,19,11,7,28,5,]
2731:[4,2,19,24,21,]
2732:[17,8,18,7,5,28,]
2733:[9,16,29,22,3,23,27,]
2734:[4,2,19,24,21,20,17,8,]
2735:[11,19,2,1,]
2736:[29,22,27,23,20,24,19,2,4,]
2737:[20,]
2738:[24,21,20,19,7,28,5,25,]
2739:[29,10,27,22,23,24,21,20,]
2740:[9,16,29,10,22,27,23,20,24,21,7,18,5,28,]
2741:[9,16,29,22,27,23,17,8,18,7,]
2742:[9,16,29,22,27,23,20,24,21,7,5,28,]
2743:[2,19,5,28,]
2744:[10,29,22,27,23,17,8,7,5,28,]
2745:[19,11,]
2746:[9,16,29,22,3,15,23,27,20,21,24,11,7,18,5,28,]
2747:[8,17,]
2748:[9,16,]
2749:[24,21,19,20,23,27,22,3,29,10,]
2750:[6,5,28,7,21,24,20,]
2751:[25,5,28,7,24,20,23,27,22,29,3,]
2752:[6,5,28,18,]
2753:[10,29,22,23,27,]
2754:[21,24,20,27,23,15,3,22,29,]
2755:[20,24,21,23,27,22,29,9,16,12,]
2756:[2,19,]
2757:[25,6,5,28,7,21,24,19,2,1,4,]
2758:[10,29,22,27,23,20,21,24,11,7,18,8,17,]
2759:[12,]
2760:[10,22,27,23,20,19,24,21,]
2761:[6,5,]
2762:[8,17,20,]
2763:[7,19,2,4,]
2764:[1,2,19,24,21,20,23,27,22,3,]
2765:[2,1,]
2766:[16,9,29,]
2767:[20,]
2768:[8,17,18,7,]
2769:[19,24,21,20,]
2770:[4,19,]
2771:[17,8,21,20,23,27,22,3,15,10,]
2772:[6,5,28,]
2773:[2,19,]
2774:[25,6,5,28,18,7,8,17,21,24,20,]
2775:[7,11,]
2776:[9,16,29,]
2777:[16,9,29,10,3,22,27,23,17,8,7,5,28,]
2778:[12,16,9,]
2779:[25,]
2780:[28,5,7,17,23,]
2781:[8,17,15,10,29,22,27,23,20,19,21,24,]
2782:[9,16,29,22,27,23,20,24,21,8,17,]
2783:[15,10,29,22,27,23,3,]
2784:[17,8,7,11,]
2785:[22,3,29,27,23,17,8,18,]
2786:[4,2,19,24,21,20,23,27,22,29,15,]
2787:[27,23,17,8,18,7,28,5,6,]
2788:[25,5,28,7,24,20,23,27,22,29,9,16,]
2789:[24,21,20,23,27,22,3,29,10,]
2790:[9,29,22,27,23,20,21,24,19,2,1,]
2791:[25,6,5,28,7,18,]
2792:[2,19,24,21,20,23,22,29,27,]
2793:[22,23,27,29,10,3,]
2794:[16,9,]
2795:[2,19,24,21,20,27,23,]
2796:[1,2,19,24,21,20,23,27,22,29,16,9,]
2797:[25,6,5,28,]
2798:[11,24,21,20,]
2799:[11,7,28,5,]
2800:[8,17,18,7,11,]
2801:[6,5,28,7,8,17,24,21,20,]
2802:[22,3,27,23,20,21,24,19,2,4,]
2803:[3,10,22,23,27,]
2804:[25,5,28,18,21,24,20,23,27,22,29,9,16,]
2805:[28,6,5,18,7,11,19,]
2806:[2,9,16,12,]
2807:[16,9,29,22,27,23,15,17,8,]
2808:[6,5,28,7,21,24,19,20,23,27,22,29,3,]
2809:[5,18,7,28,]
2810:[9,16,29,10,3,22,27,23,20,19,21,24,]
2811:[10,3,15,]
2812:[2,1,19,20,21,17,]
2813:[28,5,7,]
2814:[12,16,9,29,10,22,27,23,17,]
2815:[9,16,12,29,22,27,23,20,21,11,]
2816:[4,19,24,21,7,28,5,]
2817:[6,5,28,7,21,24,19,2,]
2818:[2,19,24,21,20,23,27,22,]
2819:[24,21,20,19,2,4,]
2820:[9,16,29,22,27,23,17,]
2821:[25,5,28,18,24,20,23,27,22,29,10,]
2822:[10,29,22,27,23,17,8,]
2823:[15,29,22,23,27,]
2824:[6,5,7,18,8,17,]
2825:[7,28,5,6,25,]
2826:[27,23,20,21,24,11,7,28,5,]
2827:[1,2,19,24,21,20,23,27,22,3,10,]
2828:[28,6,5,18,7,]
2829:[29,3,22,27,23,20,24,21,7,6,5,28,]
2830:[8,7,18,]
2831:[9,16,29,10,15,3,22,27,23,20,21,24,19,11,7,18,]
2832:[3,]
2833:[26,]
2834:[17,23,27,29,3,22,]
2835:[12,16,9,29,27,23,17,8,]
2836:[8,18,]
2837:[19,24,21,20,17,8,7,28,5,6,]
2838:[26,]
2839:[25,6,28,7,11,19,20,21,24,]
2840:[29,9,16,]
2841:[1,2,19,24,21,20,27,23,15,22,29,9,16,]
2842:[17,21,24,19,2,1,]
2843:[27,23,22,29,9,16,12,]
2844:[4,2,19,24,21,20,23,27,]
2845:[27,23,17,8,]
2846:[6,5,28,7,21,24,20,23,27,22,29,3,]
2847:[9,16,29,22,27,23,20,21,19,2,]
2848:[9,16,29,3,22,27,23,20,24,21,]
2849:[20,21,11,7,8,17,]
2850:[5,28,18,7,11,19,20,21,24,]
2851:[26,]
2852:[29,22,27,23,20,21,24,19,11,]
2853:[20,23,27,]
2854:[5,28,18,7,21,24,19,]
2855:[17,8,21,24,19,20,23,27,29,10,22,]
2856:[9,16,29,23,27,22,]
2857:[18,7,8,17,23,22,3,10,15,]
2858:[9,16,29,]
2859:[17,23,27,22,29,15,]
2860:[27,23,17,8,7,5,28,]
2861:[7,28,5,8,17,15,10,22,23,27,]
2862:[23,27,20,21,24,19,2,1,]
2863:[21,24,19,20,23,27,22,3,29,10,]
2864:[24,21,20,19,11,7,18,]
2865:[1,2,19,20,21,24,]
2866:[18,7,21,24,]
2867:[29,22,27,23,20,24,21,7,28,5,6,]
2868:[15,10,3,22,27,23,20,21,24,19,11,7,18,8,17,]
2869:[1,2,4,19,20,21,24,]
2870:[29,22,27,23,20,21,24,19,11,7,28,5,]
2871:[19,11,7,28,5,6,]
2872:[21,]
2873:[8,17,23,27,20,19,24,21,]
2874:[12,16,9,29,10,]
2875:[8,17,23,27,20,21,24,19,11,]
2876:[16,9,29,22,27,23,17,8,]
2877:[9,16,29,10,3,22,27,23,20,21,24,19,]
2878:[2,19,24,21,20,17,8,28,5,]
2879:[4,2,19,24,21,20,23,27,22,29,9,]
2880:[2,19,]
2881:[29,10,3,22,27,23,20,]
2882:[11,7,5,6,25,]
2883:[16,9,29,22,27,23,20,21,24,19,11,7,]
2884:[28,5,6,7,18,8,17,15,10,29,22,27,23,20,24,21,]
2885:[4,1,2,19,24,21,20,23,27,22,10,3,]
2886:[23,27,]
2887:[27,23,20,21,24,19,2,1,]
2888:[3,22,27,23,20,21,24,19,2,]
2889:[22,27,23,15,29,]
2890:[26,]
2891:[12,]
2892:[5,28,6,25,]
2893:[11,24,21,20,27,23,]
2894:[5,28,7,18,8,17,24,21,20,]
2895:[24,21,8,]
2896:[18,5,28,7,19,24,21,20,23,27,22,29,]
2897:[10,29,22,27,23,20,21,24,19,11,]
2898:[11,24,21,20,27,23,15,3,22,]
2899:[11,19,20,21,]
2900:[8,7,18,]
2901:[18,7,11,24,21,20,23,27,22,3,10,29,9,16,]
2902:[21,24,20,23,27,]
2903:[29,10,3,22,27,23,17,8,18,7,]
2904:[24,21,20,19,11,7,8,17,]
2905:[24,21,19,20,23,27,3,22,]
2906:[23,27,22,3,10,]
2907:[9,]
2908:[28,5,7,18,8,17,]
2909:[15,23,27,22,29,10,]
2910:[18,5,28,7,24,20,21,]
2911:[26,]
2912:[6,5,28,8,17,23,27,22,29,9,16,]
2913:[16,9,29,22,27,23,3,]
2914:[23,27,20,19,24,21,]
2915:[1,2,4,19,20,24,21,]
2916:[3,10,29,22,27,23,20,24,21,8,17,18,7,28,5,6,]
2917:[16,]
2918:[8,18,7,5,28,]
2919:[18,7,8,17,23,27,22,3,10,]
2920:[8,17,23,27,20,21,24,19,1,2,]
2921:[9,16,29,3,22,27,23,20,24,21,7,28,5,6,25,]
2922:[23,]
2923:[20,23,27,22,15,29,9,16,]
2924:[25,6,5,28,7,21,20,23,27,22,29,]
2925:[12,16,9,29,]
2926:[6,5,28,18,7,11,19,2,1,4,]
2927:[20,21,24,23,27,22,29,9,16,]
2928:[19,20,24,21,17,8,18,7,]
2929:[27,20,24,21,11,]
2930:[27,23,20,21,24,]
2931:[25,6,]
2932:[12,29,10,]
2933:[17,23,27,20,21,24,19,2,1,]
2934:[10,3,22,27,23,]
2935:[4,1,2,19,20,24,21,]
2936:[27,23,22,29,16,9,]
2937:[6,5,28,7,11,17,8,18,]
2938:[6,5,7,21,24,20,23,27,22,15,]
2939:[5,7,24,21,20,23,27,22,29,]
2940:[27,23,22,10,15,]
2941:[19,24,21,20,27,23,15,10,29,22,]
2942:[3,10,29,22,27,23,20,21,24,11,7,18,28,5,25,]
2943:[1,2,4,]
2944:[25,6,5,28,7,18,8,17,21,24,19,20,]
2945:[28,5,7,11,21,24,19,2,]
2946:[21,24,19,11,7,18,8,17,]
2947:[24,21,20,23,27,22,29,16,9,]
2948:[5,28,6,25,]
2949:[19,11,7,5,28,18,8,17,]
2950:[25,5,7,21,24,20,23,22,27,]
2951:[5,28,8,17,23,27,]
2952:[3,10,29,]
2953:[11,7,18,]
2954:[18,7,8,17,20,21,24,19,2,1,]
2955:[3,23,27,22,29,10,15,]
2956:[8,17,21,24,20,]
2957:[1,2,19,11,7,5,28,]
2958:[10,15,22,27,23,20,21,7,]
2959:[24,21,20,8,17,]
2960:[4,19,11,7,28,5,6,]
2961:[16,9,29,22,27,23,20,24,21,7,28,5,]
2962:[29,10,3,22,27,23,20,21,24,19,]
2963:[1,2,19,24,21,20,23,27,22,3,15,]
2964:[22,29,10,3,23,27,]
2965:[18,7,8,17,23,27,20,24,21,]
2966:[8,17,18,7,6,5,28,]
2967:[2,1,19,24,21,20,27,23,]
2968:[15,10,22,23,27,]
2969:[1,2,19,11,5,28,]
2970:[1,2,19,24,21,20,23,27,22,3,15,10,29,]
2971:[4,2,19,20,24,21,7,18,28,5,]
2972:[18,7,11,19,24,21,20,]
2973:[3,22,27,20,21,24,19,4,]
2974:[20,21,24,19,1,2,4,]
2975:[1,2,19,11,]
2976:[23,27,22,3,29,10,15,]
2977:[2,1,19,24,21,20,23,27,22,29,16,9,]
2978:[10,29,22,27,23,3,]
2979:[15,3,22,27,23,20,24,21,7,18,28,]
2980:[6,28,7,21,24,20,23,27,22,29,9,16,12,]
2981:[8,7,28,5,6,25,]
2982:[11,19,24,21,20,23,27,22,29,10,]
2983:[3,10,29,22,27,23,20,21,24,19,7,28,5,]
2984:[29,10,15,22,27,23,20,21,11,19,]
2985:[6,5,28,18,7,]
2986:[19,24,20,21,]
2987:[22,27,23,20,24,21,]
2988:[11,19,2,]
2989:[7,18,8,17,]
2990:[20,21,24,19,2,1,]
2991:[10,22,27,23,17,8,18,7,28,5,6,25,]
2992:[20,21,24,19,11,7,28,5,6,]
2993:[29,22,10,]
2994:[29,22,27,23,17,8,]
2995:[28,5,7,11,]
2996:[25,6,5,28,18,7,]
2997:[7,5,28,11,19,2,]
2998:[21,24,20,27,23,15,3,29,22,]
2999:[23,27,22,29,9,]
